gonolek0000 43
164473456565 253
134518257052 176
31616358095 227
181377343794 94
4312022244 52
64902205160 34
72600865385 202
137059554936 243
67415832209 175
68148602582 20
43414530675 63
126658574661 126
100518800080 209
15784800009 244
59095154436 51
158103739280 231
9670043578 43
39943954068 143
159809290354 201
124182782359 246
56704185994 197
159560948070 180
2944212287 85
35006434905 180
66341931078 72
150284711805 30
142760925161 213
31605410744 212
94378184643 236
42714102400 86
168930464573 214
82149907973 231
155432907257 55
78512022805 3
137683033638 82
64605815731 12
50663302408 248
82538151468 232
3492935450 250
88401028853 195
146167438288 255
113949557218 217
91698264339 161
goose0000 26
28639302298 63
16892811812 121
2469908505 247
5522500938 25
24276116117 249
25370202614 197
4616952161 167
4259969611 153
4263366377 121
21219078866 179
966993772 46
26343516493 208
17840855545 199
14506389087 182
30250486441 253
17156375835 144
24691864938 221
12224271018 237
6869294682 157
25310662199 193
9117211744 177
7260964309 8
9460745630 161
2274896222 78
12015828752 202
1195878180 149
gopher0000 25
5274682797 233
6546855635 164
547671863 14
7989749680 177
15315784839 82
8363190467 236
3670447705 86
530446239 77
3405824947 108
8760138289 119
3419240973 105
4893603867 157
8193022184 170
11505522997 147
11454008705 216
13488767025 202
3264197557 38
8671480582 112
16810569631 160
8977213565 207
1946927487 42
4952582187 212
9533688474 88
7196668918 48
16529655430 249
gorilla0000 64
20970761004 152
33734585491 60
264946704 87
26248426589 67
42310553519 250
20961162109 143
17834379445 71
2134238986 245
8730736805 80
41807424872 228
2221157827 107
5946799081 174
13328796132 113
33064309315 131
32245512777 196
43344800483 221
10136292107 121
31608856463 135
3260952143 246
20587034441 234
18629789318 235
7338774936 159
16539810242 218
33984519420 136
36292705109 198
10772424932 22
11804490429 21
11763714591 75
35282747458 220
23544649903 10
4155904453 2
35625331734 5
26133544655 241
44584577419 205
14145317944 118
41331875247 55
7808911807 52
36660343144 105
41983823093 120
14726524851 167
31568900802 194
199424770 142
13298063943 243
29676204952 48
2381535728 251
26755313366 173
32963265115 135
35085754057 158
44665229989 162
27484717283 51
4744424360 91
43208250370 41
14029076349 205
11606667854 239
40960452603 145
12258581756 81
25056269280 79
36222524306 211
45792919 89
3731844926 32
7143132280 98
19293428156 160
44497511876 14
34470574521 60
grebe0000 59
6130645894 203
23518885831 146
386499456 243
37123880068 95
24063943302 14
3997817889 38
23045443556 11
8880648689 32
3140919615 183
27310875822 136
27419669299 8
7701656346 7
24200189792 135
4035030401 143
22357282063 49
19599046772 131
32153184900 29
29643107422 64
33769785656 153
12318569520 71
34618951564 34
8886969015 135
6070432534 209
6773884664 238
23630199266 100
26687908019 108
24935192066 89
15388157331 221
3892231067 111
29819671895 38
1222003293 71
10520877005 170
5954303143 44
31660963551 22
22612177007 208
3279265529 104
1838834305 242
17790075029 90
29240740733 98
2589742309 9
16497821301 168
4617001883 121
35375408122 26
32774406715 34
34701005970 151
13452135114 16
610670319 98
10848087086 68
33034440284 145
4498434913 153
28974086086 176
21653188056 23
26044503969 84
18610313164 210
20211820341 202
40790444 224
5721668858 175
15666580591 3
1739472311 240
grenadier0000 40
32820740426 152
38288735230 62
36377959926 212
37053353523 150
18214705979 127
27865716616 219
41253363381 94
42887745236 117
10652755048 34
11207110935 147
3250327407 122
34514651975 191
45767617716 72
18202038244 111
38835300874 178
13758319390 207
45343061766 116
8924530329 83
648211071 239
2562592286 184
41074543406 99
29755386361 95
8306529929 230
29893308736 245
22195597349 10
7240543812 245
22404489464 75
202444034 94
4024799478 79
43863388758 78
28472081749 99
17554693704 161
12740844490 52
15836818755 109
14255514373 245
16002272802 124
26698640013 98
8926379948 137
9444439092 131
38645756337 64
groundhog0000 10
823959298 233
6069857628 152
12187001773 100
3484428924 22
10362372940 43
7099971750 150
5945195811 46
11532479107 58
12055233381 55
7839806962 50
grouse0000 13
5475947530 230
3447675911 180
3196208609 212
11482452869 226
212263688 138
9791940518 7
8926134485 118
5222116294 144
9826235408 42
17609509326 62
19203437521 236
12909916861 15
8450019043 186
guerza0000 60
3682550554 28
12273648606 138
2422779909 169
10159751869 55
1945632954 169
4500811024 34
458863331 119
9896876123 124
5572705004 48
9357710312 33
4819946426 127
10456756345 40
1954997953 9
1934484324 228
10069368506 247
10604567551 145
11261244414 147
3221550373 152
2140241666 84
1513315157 104
4877381633 171
2376970179 115
3645835370 155
11272799517 93
1743074039 215
3334959637 250
5332772940 190
3256904764 41
1057184657 247
6234314038 242
10052478886 69
9486991553 32
10836891894 208
2630630179 102
1714640564 33
2343534239 92
11677828827 161
4529520935 237
2435798287 144
5791905386 230
8931874251 226
10680913124 99
10541375750 183
6352837752 185
11470561454 117
10026357461 136
992238521 203
4038741376 206
5469467324 237
8746836712 98
11662965228 196
1211863400 34
11606475269 252
4322174130 115
5741550447 2
9528100057 244
2177741053 207
2778955898 73
9617413636 178
2661001445 101
gulls0000 35
12420432048 159
20974890935 56
14519258898 166
13555087115 106
22944856657 49
26426542904 42
29654003599 191
8318771612 99
7170161271 3
10438587086 246
19633857907 128
15702902142 192
27541969700 8
29918252259 177
20455745813 232
16158427272 118
19669450342 159
16513474656 195
15872357135 238
1717653140 246
19879546898 88
31805014423 83
14982092710 9
12501165017 0
20828102590 129
20185508376 116
16740995940 231
18535882618 162
22331543028 24
14066564520 8
24740075097 190
31765691877 101
15445335206 111
23755536087 97
7175289846 8
hare0000 9
2207247276 224
3591569916 244
503381327 120
3206143920 19
5769131293 29
4196500088 147
2098005125 107
5229359170 245
6110057071 193
hawk-eagle0000 56
13134851590 60
1580294425 167
11291176922 42
11800748900 255
6039860192 57
1373794424 91
9879046651 100
2394818415 1
7294569904 23
12293664262 206
9750966321 104
13011177803 26
15142522762 88
10385495517 95
11762658825 225
14765640402 9
10546964799 36
10926963145 253
10266145550 148
4243753720 19
990511621 172
1591152662 137
6951630559 132
16626646346 0
11836542500 141
4343709713 145
15808330344 128
2128729583 112
16600402185 235
6807701072 125
7384272258 148
9853861399 245
15110548793 172
418557914 169
16426906812 49
2139773831 245
4467826966 168
12849621621 5
5390158716 16
11018275670 236
9865204211 33
14017205637 105
611108145 238
12418012106 135
6818699700 189
8427496817 200
1929850470 25
14631695631 186
8290149724 37
14947082376 68
4801222135 7
2619506198 199
8622747663 78
4480205003 36
7000890930 242
10885176698 62
hawk0000 56
12643212430 69
5824412954 66
10253712072 27
5279621567 81
6758767348 198
3691147425 16
15219427354 2
17860959454 47
15293489683 226
14011084831 66
16640313289 61
9125855404 90
11123681631 181
2271457935 25
17722128802 114
16153710710 160
5483589261 15
13578291452 175
8201657771 41
19515176865 64
4537174870 232
13062439074 201
3789946413 180
14857915881 168
694930946 43
19075840654 250
16956102947 23
3586031084 253
13673298184 68
2273253161 102
19301372034 230
10685400934 203
7068131461 93
8854103513 218
18807214888 129
16199649108 21
12309456092 41
15375270861 66
1540783782 196
1591542069 55
6756289783 182
13674655395 60
7622153589 150
20633429870 221
17159752092 191
17839624271 107
15788378428 140
7439310487 104
1362890306 160
7575662110 75
1984073888 155
1151338028 198
15199054104 186
5034273549 29
1527692055 76
10091098696 163
hedgehog0000 63
16925571435 92
15130831788 54
10059824309 25
8350771805 202
5514257878 70
14274337920 218
16683229858 42
10084641277 74
12960242601 56
5946272341 48
16437693660 180
11007949062 80
11582636489 131
5741461230 165
17520805839 47
20997430948 52
2640882935 126
4461084336 213
13846188377 228
20752783011 177
2173988527 66
15844533518 136
15074873937 53
7671922929 44
33384970 52
13936812026 41
17230559128 12
15890975032 202
3926960578 184
9986545181 181
5539437600 223
9587575674 153
18751522890 88
12889738167 11
1246872781 93
13370492188 123
11026435417 202
18207311726 15
14955750096 7
4336614635 223
2744123023 218
5771068706 4
965003835 122
19474904686 52
885004350 78
2629093330 139
6391431628 98
12936079530 192
8893597346 54
8936313605 189
6249134718 163
15467752672 254
11847825478 61
765645801 37
13861695461 173
17832222762 239
19241032948 224
10150724137 84
17898660282 184
2662539855 9
11112658813 249
14791019577 185
10736537944 253
hen0000 57
2964388539 64
2784937536 10
8038212047 250
6035962720 2
1118594387 102
2153014060 228
60056470 111
8621566373 136
12078929458 26
11961633830 39
2506592822 116
1535355175 146
6856345288 237
2859765163 36
2829680573 53
1173001768 100
1537851546 106
2389975124 30
4383372065 223
8376170513 23
5087306697 7
3775545981 17
2344032359 137
12451198396 23
387941645 234
5133610145 111
7064414562 111
2924746335 35
11752149365 251
12016748784 81
9082330776 251
11923963071 97
6174384298 122
7625173870 14
12569510212 205
1127820224 126
11555057404 42
10327329463 5
6668896093 131
12479357398 13
8943467120 150
10889419080 206
10425630819 180
1225110046 249
6687154295 178
11513802680 201
10877933920 51
8500761340 241
3204376173 54
4731025988 59
11792029611 175
546259241 248
3771273419 26
8313351988 241
7614594323 25
8406859079 95
4147833690 139
heron0000 2
301050117 201
6508486754 203
hippopotamus0000 25
8246109610 72
25733347950 212
6516847919 207
31706886748 139
49285385536 65
4184314188 198
8218021579 205
41227438540 113
24963590029 136
48787353901 125
51116257082 74
51012577377 203
438099899 177
17044731090 203
30706588727 48
4120410421 26
38600038614 247
1051277571 39
33682388597 5
920441647 1
11508372526 56
11621830791 118
4657482694 38
22217008816 15
41407250786 51
hoopoe0000 42
17861792771 198
13779060283 19
25896037475 94
18507841860 8
13240283794 64
45196174264 207
10028165760 80
46505063322 21
29093911561 4
36472748681 231
7821511460 144
34814373605 187
47096963356 217
9891846308 49
30691239164 22
30895441648 244
39689286530 30
30797318153 174
1342230694 90
22755519933 227
21943068368 159
17175888148 77
7068388385 29
25785983608 102
37450203576 157
24466884720 44
38280480092 130
42303911401 57
28511850922 165
19455092787 47
15824616879 94
18570737143 219
46138998733 91
32721500192 158
30332911583 99
27137202439 187
39296330724 191
48302775653 194
14887691793 127
7043071657 229
46248116519 57
27162554322 4
hornbill0000 51
18492877408 203
27104918285 30
28958014486 20
50609149999 114
53383413484 78
38556743955 72
28149534813 224
12845129616 34
35310413667 138
17736300119 177
53261450005 214
17744945447 154
6210019763 109
46343117665 23
38366890722 232
38879980934 89
15293066039 11
32119771835 10
17216343232 25
9532422327 208
33472391985 67
48192810460 82
19019639880 181
59935332805 223
17259916664 170
10230532786 71
57689351967 152
47151618715 199
12902220743 209
34174402908 172
45876296958 15
11788919541 61
60597884039 9
50234793511 118
36673121741 142
38057696955 215
25064763867 41
14870637578 13
23016772372 102
18693354742 252
13868071846 238
45826416265 68
40424864001 128
46962720177 1
22214127285 23
10071507385 27
5426922186 207
21363105727 50
18023583960 121
55747859257 131
21172662047 18
hummingbird0000 27
6652760737 83
3427960778 66
5216925691 159
2934694192 40
6791937518 163
12224643092 15
703809866 17
6925966462 23
10247368677 33
9771648233 184
10563553651 187
1233216127 125
3337315040 209
3218897139 142
10233254001 207
1691197602 227
3640643652 187
8701186642 73
8112620922 93
12949669895 156
12303680920 254
6617744629 83
9606803321 1
846440444 130
11793220547 76
9245979179 224
9508309892 108
huron0000 43
6323196269 122
13618437167 180
1774914983 54
2751170831 6
9370824333 6
14007803776 54
621602278 199
2934065671 233
13986996503 219
1011346753 22
12195123742 194
9690281460 211
4608716091 210
12993823541 215
12627436367 69
9914586410 77
12603302877 149
8217745442 77
7992197230 186
10384608527 154
13404776420 157
12933449496 28
11924233071 52
1492008140 134
2537851657 63
8203944785 66
8823193057 20
13208571702 111
7733806089 176
11835124621 116
7151944655 148
11659743031 254
1244852431 144
3930746129 164
13180754804 135
14129920721 100
12645499527 53
9022395615 16
6071692253 64
9317078241 1
10076796759 243
1770352986 211
8784774762 10
hyena0000 20
33536072719 204
23395420223 116
45811203220 138
57734433872 99
38836531642 81
21790722461 3
56753853443 76
27676360900 228
37153310314 64
30572794176 93
51767100633 154
66079595138 232
49597324258 210
69283369532 139
46221562607 36
925541910 170
776616228 21
8147795887 15
18107551912 63
1208761204 86
hyrax0000 43
5927317678 122
845248029 180
1412745531 54
4472851426 6
2404710072 6
6707928177 54
10040931641 199
11880640301 233
1871420998 219
5051770187 22
12451802389 194
2666738637 211
1537655049 210
9705329420 215
12287020869 69
997075195 77
9318950180 149
604069320 77
7232655807 186
11904621134 154
10677263104 157
9545299320 28
5107163339 52
10498908809 134
684711331 63
11331222064 66
3943718536 20
7041181508 111
2003600502 176
9500978756 116
6114879375 148
2277561199 254
12776865658 144
9737682028 164
1415636574 135
4664568563 100
12304736070 53
12417098738 16
8869246546 64
3556828624 1
193600582 243
11849893903 211
626606345 10
ibex0000 57
9429452133 51
11898391330 184
7290521480 7
8302669282 236
6486905183 108
2348013130 105
9111895476 201
8961947727 198
10215576508 194
7755718789 60
4140295748 55
8639545930 200
10004070276 121
1511965602 147
1954911849 242
2424551056 198
9545909527 91
822811890 200
5660530064 22
3997068940 84
5787976475 58
11012938471 110
10048729102 164
9839394995 199
8377132621 239
10847825917 47
7477661539 28
6050692420 107
1383051714 195
5396658871 201
1519267952 59
9420111766 140
1850238887 127
6169947380 80
5125856613 175
4144929117 230
5379010707 132
11628750712 110
10050943857 87
2380344130 195
4641856746 224
10983557012 206
1980348908 2
8519063615 188
7933738922 143
7049643864 81
8979091431 166
994248250 242
2347684657 56
6600944799 118
2980623827 246
6605542407 189
2387257532 17
1622169300 188
2044333197 179
940260040 162
9318109664 191
ibis0000 11
5363527186 137
932586776 15
1140133035 251
263548865 23
4405882847 28
456385713 124
5470366934 11
4054589625 86
1160170769 104
3701455218 154
5495591203 225
iguana0000 22
7087478029 206
1289382879 28
5802045864 39
3011885848 1
4038055958 180
5549661974 123
9295623427 23
1056476656 191
4237512406 219
7535447715 82
8415378414 144
2668151211 86
719890647 35
2747453450 238
8676724589 85
8870261825 50
1981790920 13
6816236871 178
7977353566 162
3556470914 62
1094265630 56
6117743683 96
impala0000 15
50410478382 188
27817283867 135
152059534127 241
87268995595 115
148435143753 56
38109341957 246
138820616178 45
100941058235 250
36382870490 185
105134469571 23
112499607260 137
131823021913 74
75348317044 146
49658862579 16
42610889816 21
insect0000 8
836461098 80
5074076799 142
7191662812 233
3915758587 128
7463496534 199
6456647909 140
2198019412 152
7325258659 221
jacana0000 16
4616258714 18
5193875541 94
1976777667 1
496783668 130
282299925 144
3794896470 38
781093384 43
4283239482 48
1198695080 17
845704235 151
1973479916 227
792916207 161
2947904267 204
392566252 149
6105482690 215
6035918960 82
jackrabbit0000 17
7999091269 134
20916136677 7
19631534884 5
20299759834 228
21359604041 234
32370421389 222
5371555719 156
29359861079 227
2878980419 237
26020544472 99
11973728676 4
4354383754 77
30761693793 27
27806644007 98
18168557868 122
21389526725 15
21459294594 165
jaeger0000 64
357432345 26
5549012685 206
4245081111 187
2416089829 222
1518525727 144
1385610750 10
1322281299 41
10782628637 67
11158631117 143
6729468165 173
11558354756 188
6118302224 196
6349404160 136
6260411536 246
433141926 194
9596752671 111
9269366494 174
4906645960 56
3336137109 172
1897103146 37
1781445768 191
5343336555 103
3815608268 156
6251017899 84
10843629421 130
4538294842 4
10170612296 172
2637669871 56
3582370419 212
1696101797 216
3804103842 85
749010226 117
10177493997 226
2627502520 134
4938501733 111
7807635546 36
11142898998 6
1459965125 151
2857384961 104
5002394353 155
2616140102 94
10472259543 38
105764395 139
8652586659 46
5984117565 15
1065850614 96
7104707134 20
9881693397 112
7655647018 249
932585531 21
10560478841 57
303220380 98
5758456020 34
2934680850 214
3278167156 133
9133004662 10
4293131234 154
5755399691 5
1889823269 48
7824512 35
11417938861 101
3491139301 193
944333796 164
11330524676 61
jaguar0000 12
801109293 193
8626692816 109
11233205376 77
7151653388 34
6111993898 110
12114723406 163
5250363023 173
15730915563 115
12285692393 76
10854498165 89
5534158663 53
10569551018 187
jaguarundi0000 31
65628258132 16
560005909 213
54333785373 148
28987013590 232
52011603623 63
23604814145 224
32871271767 169
40701365626 0
1820710005 212
23591944208 129
7420142018 40
22085515836 69
43038172139 204
44351772655 205
43773469688 59
39291203846 50
44577824432 11
5108341997 16
4689427087 85
1119838328 221
14899810937 149
33855556006 162
16566598877 8
3452267567 243
30899599226 173
38172635053 39
42669509287 191
51406392181 96
21698871277 22
62046554400 206
61710915568 58
kinkajou0000 51
87402094871 30
204103690296 184
121512223939 102
159548864745 152
105883368508 200
134823093329 153
176168904167 173
201132752785 217
39534578197 118
115385215948 201
40055581150 140
42214654109 199
154309291230 163
63785821934 114
190299298477 96
58636604959 174
129930966783 201
203105406 177
31269499528 48
25746779966 111
41492923759 76
73100971697 183
6841143898 233
6638506989 19
121089045920 166
19795835749 231
204943018295 230
102791046964 227
171438554264 47
41997707913 27
1502937111 225
22977273387 243
81561384065 208
97067909220 172
139380680471 21
193846472773 39
83024830964 169
32937906328 66
307759721 83
113320434498 159
27666472906 236
145493455789 89
95340284464 26
71413751177 93
191214205858 120
156806080222 240
213956913800 15
185079692863 252
55898417388 215
119437970654 124
140906490840 160
kiskadee0000 58
9538654706 30
19172146416 204
9196783598 53
2146419372 211
11237484558 24
18230823648 186
4033763331 114
18723433705 18
16420897442 139
622194957 241
1815156633 13
10890608812 157
14875428231 30
12233475756 71
6131456412 178
2630922954 120
17450767026 215
14312803826 161
20430597194 254
9464093092 29
12535229217 126
524337771 0
17002806276 90
14376972241 6
8686371434 125
14329675502 69
20516030710 140
9825938028 81
4847798382 221
2682957406 116
18903987108 132
13245975876 134
14453965942 12
5599541058 168
16518577530 249
15509922306 226
19899557422 220
17668922019 100
3152704722 241
3292389267 250
19448194631 65
10155381825 139
11856850448 182
1736239806 159
19529875258 117
10051384911 126
4468842713 36
886358309 141
14630155172 150
1688345243 232
13491030294 18
19902301252 97
5674293926 183
19322440794 39
5491752583 67
18232175563 28
12265977090 34
6621745179 1
kite0000 11
10618193447 88
12063721123 234
11819961746 209
4392438982 95
8309144079 134
16705346244 10
17176897421 138
13498164362 59
10799636715 10
572587624 41
10289590454 137
klipspringer0000 61
57755735518 31
47435478476 76
71917838968 69
25284149129 93
13281888667 147
67187010332 21
75150362225 110
120454876928 74
118034084235 71
13489465639 167
47737898649 6
93378373637 133
120703376607 195
51649349418 239
2055423258 98
55644735246 63
31382570541 185
120168411332 21
25099163288 38
111879465263 246
38328533599 227
58552958955 185
52362172814 193
97599088 174
123936101294 51
19754921514 1
30127044314 81
46449198247 68
104690673151 158
4187533631 193
27452004332 154
12351089684 238
11090842591 139
27553133035 255
124068468070 48
49097714389 39
24770208879 124
111470813708 114
23810013505 225
41085304637 228
5336739687 64
69591955262 239
113480851888 216
66523760287 108
70200813555 108
47388809126 48
96112152367 23
64170454820 235
103475711701 72
20000179551 72
50931887014 213
25662400039 189
107035707380 192
9947294917 23
116682860452 206
108248231965 134
11845132375 13
118243804880 239
83980092887 134
92103493536 111
95837542112 137
kongoni0000 48
730276878 80
56067069108 149
19708714652 87
80867233126 238
33694978505 181
60791815696 5
14685029017 254
83334092212 93
20176730258 183
39983776132 124
76364118602 43
52485275067 5
46079659103 117
53300137007 205
64011740400 15
36152206896 39
33129249581 146
41698776487 53
30579526618 123
34052352454 187
44504173851 86
3894715405 22
52826414415 85
47397532713 152
78171616667 227
84793073188 125
59722416605 245
69146206806 170
79703376089 193
21009688947 201
13221593075 10
50936860215 99
77927450171 64
44484976820 20
86254107568 92
83493267834 194
79083336385 45
82187119183 224
36480570178 66
76672552841 39
71624747483 155
68951136859 132
67690977481 235
65308154191 221
21727324825 197
4546762040 68
10942757905 192
9442901571 133
