kudu0000 8
3317281319 231
1606131817 53
2263707286 141
2002609051 240
3562764152 70
2505627987 63
1308311812 159
1188382759 155
langur0000 27
602768586 43
9807259840 21
2143565703 144
1652996590 146
15581151322 126
10443849021 245
13306121604 116
6643728169 52
5212884982 191
15516395711 151
7752892158 23
781857185 172
17125959390 237
6275792186 0
12896241099 230
351133251 158
2128717552 126
2725858124 25
2626692723 207
1519474689 34
5866091632 150
16315571153 31
11224024177 79
7948997789 132
1998928863 0
14129784330 96
11679393985 29
lapwing0000 16
2823527825 161
5260582596 147
1234728839 176
3507421884 19
3852930938 184
416332766 182
1179142524 211
2529168407 137
4233120625 13
3941919219 198
2336569202 227
3776637162 145
5364611050 68
4068406664 161
3193165783 35
510537134 98
lark0000 41
2040480847 240
441587206 85
3361556733 136
1390152915 122
711813167 235
2703351988 70
764769333 127
1993598921 130
3572711773 113
1301317200 110
2690925586 226
622131530 236
1431279004 124
1888455217 239
826169961 71
4478702660 209
681134008 28
3456244584 226
2002417305 52
3457513482 140
3695237736 152
4300480108 248
2624750218 156
3358445937 7
4200705645 1
4763228167 16
2350297711 95
3638054472 174
55210539 108
1935789504 158
1831707483 196
1497313831 2
3580472466 148
2489667043 221
698749912 6
3875107007 245
4108104907 22
4808747149 64
3479035685 205
4200103959 220
1061224860 13
lechwe0000 8
4866923341 148
1681019293 2
7100392490 149
5572262603 8
7007149097 134
353091807 215
7691543792 192
5476385117 40
legaan0000 47
58033188908 185
81006675963 46
44179667212 172
44724707591 21
2683959468 147
77601120744 193
40526315537 139
76630730994 238
63283757977 198
51086756733 191
58238306973 215
4033964838 45
82263066417 188
25637633397 93
53442904008 227
40896213791 8
76249911008 38
15798986109 51
78960854751 164
78154578062 207
19103629241 48
1758083517 62
56367741188 171
29429478750 7
66870012320 217
73782527706 88
33836377988 43
72659530831 157
27444833173 170
26779278198 248
38661964550 223
10050379836 241
68097973147 151
66015674548 56
63184528040 213
5170135100 186
60620956271 129
12799189415 162
15084396636 44
71597856587 166
12129824535 135
16798619707 30
70965418143 62
42284197658 23
41609896423 231
79473046912 54
39551146975 187
lemming0000 27
9330534260 113
50325225759 131
6474133472 244
49744055844 254
2845584736 185
3278114441 162
33731254678 73
36064136861 177
23284921090 75
14298982032 199
38400196075 73
16722170577 3
22297391385 33
51866548209 185
21009033059 247
45370477963 188
114582288 73
9062838062 53
14531310300 239
16891715233 37
39437789774 42
33618248485 160
43556188599 127
33521915015 2
35709302276 97
7718731695 207
39898465780 124
lemur0000 12
874459128 35
3785943177 146
5030392156 61
6884909267 203
6760249878 119
6652510300 150
8119771803 170
3912147634 216
660979263 103
4689528689 196
7658931004 0
5539907295 134
lizard0000 8
564461539 80
9448605847 142
10067481606 233
7476901306 128
5867155705 199
5640897052 140
343482720 152
4600704640 221
llama0000 50
115701959611 113
87641272583 227
45498301537 51
44197999191 106
111315530560 38
118288496466 122
35301277449 249
26504852345 32
50230763729 110
33042994947 172
4426599200 63
31674915445 39
66489766949 228
11042040534 21
110141574420 58
103171151359 213
25272799174 111
34541372080 13
47271411281 140
112920397579 84
90895714315 106
111073468521 250
87175741842 100
26308066618 166
80646318899 95
41354438582 207
28944334203 199
59511199360 141
76179807057 184
4470347832 74
10121220394 193
32339078659 229
17491590923 198
77907324821 252
70532635524 57
36752487215 196
40615986282 109
24556965999 63
104644339973 127
77349634269 137
51734992558 253
89376839572 208
99184452510 183
57170124062 137
101170328922 23
67146899749 112
89987186441 122
614288558 252
45100814177 187
107751173168 222
lorikeet0000 19
33581691915 240
132750885918 95
17384231146 141
53200909216 31
12362814452 181
82713352350 11
39163679097 226
43440610039 185
32979917840 123
12931001769 158
14259876170 214
62624370202 83
143032346751 139
31159214382 13
118251662137 221
116833251760 148
33585620850 247
51498284540 36
148126118574 152
lory0000 34
20509054370 189
25846170395 10
2117877254 116
7955890598 49
477388567 223
9272635859 195
5137527512 143
25037431901 158
26354316156 90
23404961463 205
24754477630 19
2977093628 251
21291775859 254
24662726324 164
5633597345 231
23242705053 93
14395335682 17
17722198088 42
4099554327 95
24262844983 218
9761219305 29
20368079054 126
7204564929 37
18508658570 138
6415463192 77
1228136319 50
26634925472 122
4455411083 200
2784066269 50
13441246195 180
16096304032 23
7708136511 169
7630884355 245
19269499719 136
lourie0000 58
11527133540 154
20953095718 222
25870033813 6
40274332967 192
48915736322 126
21843269080 184
51057389756 173
42595732567 235
27039041382 103
5449142117 199
11614149413 80
1845608532 89
50802978533 6
24854515769 81
19043278010 123
14159411300 88
13692889614 6
35901451515 210
43052897523 74
49600883546 26
26309558734 240
37142550465 16
54285643398 69
2045609857 13
54132975807 127
18013500025 77
51025727345 191
46472100753 153
34220914118 1
52138882678 229
40926935581 55
41175566875 174
5993807045 37
17979465938 130
54467207152 25
44015505451 225
30591796667 76
799480620 107
18627747573 226
29887747030 91
18491064823 24
36529231796 177
48099712363 64
33942960916 207
32547510687 221
1675739242 29
40824533568 7
16368733873 209
40598803646 69
45806476513 53
20056698053 92
52755864194 67
39464077761 139
7981585757 206
48754198895 76
9475071907 254
130427039 173
21954357549 188
lynx0000 56
7384820643 20
55113951338 225
19215242614 78
39724282118 80
23187802497 39
13461701104 242
50835301731 212
11581622504 146
16053527176 99
51882354434 164
2846868646 85
11834549088 205
14338312991 234
40308136547 122
38726213922 243
17128030328 245
21453123110 70
29585032088 110
33355533889 183
54024313497 106
34342945694 138
14798114508 75
51747347231 128
37701114609 138
40367125285 170
17036608043 72
32458331929 36
40932554283 220
30404633114 148
54967532782 57
48070230792 164
15539691454 64
20645351570 117
1815715167 254
41750204464 189
50304114664 136
48142234211 49
40472761387 157
15711280561 178
47858343795 123
29147555775 252
4513225171 251
29142507313 186
8118772358 242
24188546008 186
26804090676 95
19398344946 97
28306984876 4
14369389724 212
47585423238 227
31742445255 236
32031464632 216
28531939190 169
43088619145 167
43329135952 96
53329841653 110
macaque0000 36
3803371667 136
4242215232 29
2659757183 224
2901597369 103
3695410770 190
2311745003 247
55164575 154
3206101724 151
4718474549 133
2517746470 243
554070644 34
181578342 66
1703797623 166
1912335664 209
4468369492 163
2684015551 84
425733783 89
1925685815 36
1380281817 210
806439381 204
1803545139 185
4001474146 148
851681553 191
1173769367 47
1422837892 82
918223844 224
3094307829 112
4613051523 182
4216221984 128
3242934712 105
1475578023 98
3178374924 161
1210511528 113
2167982085 233
2192846 240
3858809316 105
macaw0000 42
4056473426 35
6028726795 54
675313066 182
117930761 252
953563953 51
1578134581 232
2103776214 222
1064249157 213
5342627604 183
3160549382 100
3473346799 1
2345293447 140
4088331459 138
1115555455 103
5161862151 75
1186505216 17
1822053460 245
4994087700 11
3533506579 64
3959402092 142
582457459 150
4101614048 25
119158584 167
4576017351 61
2557645814 22
5938643506 136
826362544 220
4034818458 172
3300509117 30
2610820516 237
3233339811 189
475295167 181
1085230208 25
4776882469 170
4760862146 72
5975222931 62
1302503516 243
28224234 237
64142422 189
3895898161 0
1447960029 251
3541097293 125
malleefowl0000 49
12807313611 246
23821291985 204
27580877019 129
30117821023 200
29494549070 185
18276960761 68
23746417888 132
29426886101 73
23032575458 89
39482873732 103
4456248141 33
43595728959 87
31516088997 121
5586315748 10
17064729635 211
37136140572 231
6011545060 226
10118140520 84
2333615911 215
9964488655 140
2963520821 178
25262837353 119
8678225023 153
35915097041 78
42029353621 136
13559795635 66
3791691389 99
6314947343 139
24363242468 161
32001691255 112
35205099953 182
713296356 185
28895389090 129
20682776101 131
29345692099 233
38314029690 193
13414182068 201
9430892666 225
16197744627 170
13502069186 198
25426370584 241
1142810007 60
39421853556 55
24336543809 65
23392453516 211
9544709949 170
40200424733 212
6422576187 135
24943746608 199
manatee0000 9
5661429620 14
6998400131 179
266100728 208
180688974 181
295805555 175
2736223405 116
7398654235 128
2282493404 54
5574304214 26
mara0000 23
6872702881 172
9301449001 16
2924983487 44
7452517300 245
6638945921 164
11077853493 38
7663627742 134
11717038006 234
7164389158 177
9740305190 90
7484877424 93
10476522920 99
9387264845 45
10673829057 212
6796991781 19
998850357 147
3404280338 199
9347351062 208
8588239783 178
8006025610 219
7848152711 99
10458201483 226
2382462856 226
margay0000 27
331062457 19
3176597065 106
17246619047 28
8303696688 76
12569162671 148
4836734296 218
9962524081 123
17420959874 75
9650136092 210
10394542253 188
537614496 123
16393365843 141
9267635099 244
2563489657 72
15624361085 54
18731358771 2
16229531551 237
3486255889 98
19769914884 231
5305233728 17
21080480963 14
19425987392 45
20482208465 148
1425239546 187
15361106895 250
19968921211 91
21865533522 228
marmot0000 58
2258339972 154
11520283091 222
38665498921 6
7124377529 192
27170132212 126
45374715175 184
37108945110 173
34443731831 235
5607191103 103
17362335076 199
29574190507 80
27667050399 89
39046898839 6
20450275819 81
10484919344 123
28873207614 88
19403093247 6
47277264690 210
18915157911 74
18387987387 26
46926239698 240
37090409199 16
35092222956 69
42346000168 13
34403325636 127
4101701642 77
23556101402 191
29941842139 153
14646590327 1
25810359373 229
18396180491 55
16666869266 174
17912602049 37
6232454667 130
26061947996 25
30213068839 225
35565517699 76
27901941463 107
34285116309 226
18335335747 91
12518711117 24
6706654022 177
11930769249 64
27777592252 207
27520764114 221
34158574285 29
46022066592 7
37185882775 209
10176113024 69
3270625914 53
21414666959 92
34551764217 67
23408622819 139
38395554575 206
18242074083 76
17214789976 254
29149996718 173
35371556855 188
marshbird0000 62
22011198938 164
14979131849 198
25073299131 150
31383307272 165
25759407071 216
9921083546 132
3239618640 231
6064615615 123
7018571174 95
28997400482 155
34693456612 2
1492252773 49
17695044373 70
6562606012 1
22629506112 209
22613868781 227
10493042144 106
23542315974 142
31338265770 4
14133411487 138
33157162422 42
23284437576 71
23829728708 182
20293201582 98
34575978661 249
23926394952 237
31160798269 202
14552615156 159
18337745708 164
13853368705 103
20934199188 13
1138483984 71
27342940723 118
33903946436 6
10319096023 47
1645825280 14
10094923295 158
15532628201 188
3449827086 174
684271446 55
13464906559 32
18251927476 247
16264124365 161
13117497035 96
13163103495 70
22432929063 223
11650787823 184
19561303928 244
28305588333 75
10610067204 185
524212201 31
10163663392 91
28359988988 113
18707841539 137
21113049186 10
8587777896 108
16717015566 112
18748856947 168
4684934842 231
16561964885 221
9910211884 163
24909942 73
meadowlark0000 7
15265729475 61
2128763970 144
10489674996 56
6697716532 14
9598744037 46
14850519257 229
8444041670 171
moccasin0000 8
34856886921 36
10443444586 112
43775962203 1
28385576025 107
50224281673 45
48156594032 30
40426855588 189
75202048697 32
mockingbird0000 28
12707893270 216
253303326 57
323675521 190
13476806470 43
15654396768 35
1585054575 192
17409402530 76
2796458448 17
12576176791 233
12412597682 243
20100545514 7
7696273564 197
18661542904 95
20477551118 14
10822976656 40
12447319845 236
10247797978 129
597380037 147
2287157262 158
7017779365 80
5452740372 244
1476788377 136
9192414558 13
14241555051 186
11165162909 13
18691093923 241
11243246521 224
15149548151 177
mongoose0000 37
32129352804 192
49193908857 199
34123679251 75
47995837774 182
39360663487 62
30485141280 213
33881950406 119
26840161906 231
12269660034 200
58686144426 159
5482521924 172
14783272945 162
26571891007 24
30812895446 145
10433662527 33
7615370295 94
51434168006 200
17740325693 117
37161823637 29
7534511658 190
42742776153 223
23092070769 212
3368732023 191
44458279516 18
25999433434 245
1924928147 195
60703127645 21
45372341166 55
16408468440 76
50404039649 34
17612022458 240
10181123621 36
16307788965 248
14153015885 116
55569653452 199
32235425731 168
37268184167 254
monitor0000 20
15619386861 8
1463323861 91
18105508846 92
16950566199 57
15150164115 153
47091236671 1
62857507317 159
20082880508 130
3629429490 129
445044671 107
27072418751 155
47134607693 153
10736937911 158
30288039713 208
17480932240 241
20079570561 151
41127038986 152
46302536684 251
64579836829 220
33200018799 244
monster0000 20
65422225305 8
63750723859 91
66762946093 92
10063245886 57
98014614243 153
49805276120 1
76946913394 159
116105284532 130
1804622730 129
84635494051 107
91804344119 155
79681027528 153
57363110773 158
14587220618 208
64681232416 241
36030757058 151
18157850572 152
26864990476 251
53218958003 220
10925247777 244
moorhen0000 61
1639641067 245
206652397 66
851457970 154
1857003273 4
8387075385 206
7354424319 222
9157147325 4
518837035 198
2826078980 209
9935077280 128
3849990889 113
3440114873 197
2606258114 184
1569384849 5
3223203916 245
6498782335 215
8147602842 145
5177668989 64
5391650170 179
7926180229 197
6915419776 67
6256252870 236
9421959169 125
7203912165 240
8033091167 143
2598365390 148
1636829694 108
7629237749 95
6569743687 106
8946995921 158
1037942283 56
2447561125 141
2771761772 135
9404456157 67
1887440175 191
9993494067 29
9455410820 204
7023885588 242
293874048 48
8247299212 74
193230542 209
3870524441 183
9393430648 80
10109118443 173
8927284999 21
10058180309 170
5873155726 90
8606583616 185
1355586612 73
741094949 36
2489425495 212
6926073053 162
6180940686 42
4300997605 44
9779204717 205
4949062918 133
2889023658 165
6664406335 106
9623387704 142
64469822 63
6694159278 206
moose0000 54
17067252700 205
22958010678 129
329736119 52
10882467536 254
5834287523 206
1422390734 125
5763087338 172
7961011669 37
21601179802 136
12775150254 139
25732562843 5
19682629451 158
17747958953 124
15163123400 79
8362905827 42
16715349267 81
12459748119 64
2189918046 55
4369340219 84
23208549838 96
9009124504 134
1274637509 155
16092659023 183
1069089236 50
4007676655 96
15758183084 149
10691443413 105
14360914084 135
23141858749 121
22263227030 163
23050073634 92
13087742117 193
1430030264 188
15872979422 161
24955480704 171
26270106603 34
13273521260 1
9154171214 55
23550418165 175
9810607272 224
4908162014 232
12084518462 15
15197476044 14
19544680337 14
12988538319 214
20439502555 123
10748486319 92
5317413695 40
15311814921 81
14089575316 133
22794643066 155
21770642294 39
25552510112 60
4224179343 167
mouflon0000 22
14458892970 238
18364487584 76
3253620062 52
19615785136 46
10749260244 43
18607300152 39
4972730247 211
22139401355 241
21297549572 151
8536004180 57
11943285829 13
2235043178 222
13630896492 188
13159783166 178
18009115340 248
6540214927 2
3152620076 251
5958942350 205
344486025 94
17614514573 94
17519759158 4
14283525507 229
mouse0000 62
34675786523 237
27442360994 238
21589304113 6
30000889455 199
30057615621 203
11674924486 185
19063887891 252
22486057963 214
43412100997 79
25763652255 65
19405768906 50
21127458803 181
23118749054 216
3893474986 66
24455548622 133
32912619239 175
2852299767 39
37809072200 139
31623598561 232
3244023968 132
13891080255 75
11446544916 60
6124002550 59
422972155 4
7641605451 223
14023217717 50
41119768774 203
20243896671 190
36614074699 172
31976946706 165
28201024644 22
22046281119 32
21569158156 136
31738352156 80
34553114297 165
40473703239 198
3406083485 81
10524127982 87
4350299926 181
26616245942 113
28971194945 208
44160967865 50
20539901884 6
37771943579 189
35810643453 255
18891973782 241
15792992551 33
18069955902 236
25126043173 99
4690418954 75
22087207821 184
3863200005 226
35674139772 104
27018425345 94
18020937919 69
4413014958 155
4032930999 244
29016089431 87
20428698403 116
17602312539 111
7577330060 136
38093184826 200
mudskipper0000 34
3537799876 121
557533655 243
5576387096 33
4927837500 115
4756463781 27
1375604567 108
5472018494 24
3681676674 165
4377678319 77
4666640286 253
5522243962 143
2046225289 66
2470401740 123
5200408318 3
4054549813 233
120927465 162
93460997 178
606325345 183
1148460469 115
3823509491 197
2030252084 21
4112209624 86
5205193013 177
6101147173 233
2113365245 20
997666887 234
251120997 134
1745370005 190
3001338438 120
817915623 45
4326661230 73
2735208483 12
3393282547 71
5621775650 237
nilgai0000 15
98485340650 188
53109961432 135
108966559118 241
1272814980 115
69827458564 56
85959977539 246
40746671671 45
71519948986 250
9733300277 185
98609953856 23
38118252077 137
75572516759 74
18048903199 146
2242075677 16
5291150051 21
numbat0000 48
37174846458 25
206929823 33
63083352934 114
45264547820 207
24340772911 221
6569430778 227
24260603621 243
2677272632 57
2904134159 60
45772514268 17
29912330596 226
32489936145 243
52493745084 46
33742578585 37
55926500566 130
56375877373 27
39038220877 179
28251909160 240
45842943135 138
35537782771 138
56341051455 60
53223620975 66
45431050007 4
30950380321 134
59809620971 255
13787823498 3
58595059351 58
58746369699 92
636106896 76
20571164575 68
41695226191 188
12547277121 189
25667970270 99
12439830876 178
39324838563 215
34690392622 151
30270170472 231
149666576 18
54229467611 29
67084874883 173
6965060264 26
45082809555 162
44505114990 39
30903337520 46
56891347877 178
52393562744 125
789113803 97
44377525858 160
nutcracker0000 27
28226521481 72
26218142635 44
32210069624 73
32931422082 161
33069315222 116
26895944158 47
22593519724 201
26564277802 61
16579078030 223
25042384362 122
26442189330 95
5977506007 211
3570777618 139
11025146097 113
8387452999 31
12585254480 85
29383341397 10
23101078806 212
18412922163 1
812538650 192
23879242191 120
29876792320 94
12914765315 125
31108537104 21
23145614642 146
12693522897 38
19573692943 107
ocelot0000 8
6743680639 80
1549226539 142
3981252048 233
7727597406 128
8766595872 199
7707713052 140
11986892307 152
2479969058 221
onager0000 31
44437780163 86
47283249891 251
41772600092 31
12877474156 80
45702836507 131
10935039883 120
54089571434 53
7767908073 247
34231064297 12
31587735656 195
52813406995 202
24852281687 211
56773327872 181
8184055571 15
41537201099 217
61150227735 144
25161028588 209
13995922051 79
64430599392 207
22165439056 219
21833896857 177
38792765183 50
12285831807 38
51604151144 4
11957272338 137
52685378902 102
31627041663 219
51309376541 230
46697358618 80
60302841567 22
32270153463 35
