sunbird0000 34
21348892762 187
14733295775 253
25253032384 101
25538305702 2
20994855260 28
23803926617 31
23676301405 254
14330276123 71
12514983421 12
22013547723 177
1053896336 57
19118777713 5
21031029696 51
2999519488 199
7782182573 182
18111030221 32
3689028844 130
18407325859 55
14520483306 50
22759508248 59
13377441320 218
12396399542 112
14585277854 233
11538816006 174
22146721847 148
7668903435 100
23092993688 204
18883804660 129
9805664503 207
5005449224 246
11087761726 135
6845572133 15
5620651542 182
7595772173 158
sungazer0000 54
2530369465 88
8356078186 15
8236606962 42
3584303522 155
3388346677 81
247707129 77
8636136241 1
7083193099 209
2480995918 228
6042710230 86
2676545632 75
5802396270 0
2615218861 159
2680504399 192
1533414764 146
6522089963 114
7579318321 133
3939077971 126
3103695224 158
435903507 63
2738580155 11
7321459990 114
8485490672 54
5681119071 117
5645866902 36
1101992615 33
8866607104 243
226311387 130
6730284104 193
2749109936 0
4220454831 228
1225509745 217
2545744517 230
3439583833 159
5937506331 127
480029845 150
3545177041 32
2631155502 135
5782028639 64
1192514191 204
1848353166 86
8191291796 1
8857663607 166
2948325565 118
1387611636 183
290233817 43
8075865541 180
8851840687 239
7985079805 220
573532779 180
2039825558 129
8778289848 123
4725360755 116
1606561143 63
suricate0000 37
44453644338 70
54334879385 141
31634676734 165
846864388 42
55139586215 188
27226150521 7
29285180236 104
19090829039 235
42405853676 221
38743496790 240
53414424788 113
27035730080 127
6486029264 18
20855301492 242
47094104835 201
31871037715 96
31274330335 3
534090126 122
41804749935 20
17475944143 21
51759720589 33
29541093487 215
50515172439 183
14301814386 55
21333332778 105
9347629874 89
28982042652 53
45028903185 23
45288245251 41
26566176400 137
9794273528 23
26185422782 54
41478963659 49
12024609746 78
26103582807 111
49906412361 69
57505654372 0
swallow0000 41
6827155393 189
2427252715 184
3848965722 24
7886581777 33
4166768303 152
9785071704 115
13080962848 186
10020486086 56
5727521593 69
15062744678 127
15032612444 164
7345964771 85
6346729102 102
12573282120 43
7976572565 222
1883463001 150
2091530664 147
10878083775 31
6644823086 156
1554109465 115
4978662685 98
625522801 255
13599509135 119
188054609 203
3494530455 50
6636624809 113
5029065699 99
8931951561 139
6299118661 113
10545686090 185
10918222723 166
501868235 88
11535303695 176
9105385602 198
11785429204 134
6158572709 167
6986247429 68
8956284531 153
14080179680 31
5044280411 225
12495531535 187
tamandua0000 28
2690809463 92
8682698520 152
11505759027 57
7243362310 91
9747509083 124
8575716187 224
15707403639 77
2029116302 175
11062613948 231
5738762694 104
4669772406 45
3941811326 92
14258924629 12
9186825214 171
959502683 138
5167246362 210
9458994322 109
11938632398 111
8804123942 71
12784352135 251
9304012287 85
2335064884 182
13305092184 52
14589486415 154
4487051718 103
12046989043 182
8998672960 194
9798233810 239
tanager0000 53
2257770051 76
4336701238 58
2360453119 244
142276878 22
1472011638 173
2997139902 39
4368518799 30
2779538830 255
1391247524 135
194597781 61
3261215102 69
2225910524 90
1002190466 187
369319349 42
2766625240 77
2853996983 100
5672555562 206
923317337 13
5758271340 162
4459701316 234
4421783374 81
4898790595 33
4705352285 15
4148839147 0
1363583184 84
2349962855 233
998564159 23
2488270584 68
5351026610 252
2849764822 86
4012183832 243
1233079719 82
416166731 104
1890689990 20
4621284968 1
5294852586 122
124903562 219
3310490512 95
4810320716 14
3531697255 138
378280437 238
2908994449 104
1706031337 46
1234825807 201
2133956295 44
2137333561 77
2203531156 114
3473134657 142
940700964 219
1665550875 75
2180618281 149
617224251 191
2033808865 123
tapir0000 5
7390932939 19
7129474259 6
7929921994 169
4047235592 36
8116463979 75
tarantula0000 3
7897009432 58
5404795382 22
9083678715 28
tayra0000 52
122383503954 88
51495860156 71
121811093737 167
27338585839 54
113913608699 94
102876703217 185
121965749270 222
40982934481 176
14845036165 91
61816257794 124
122378928430 84
113376786463 117
118315990147 25
701701125 165
25184697031 10
116453304526 96
47764294247 148
79179099366 56
65614142302 64
42866872109 143
60682560352 98
12905205893 22
98820633058 158
71387229738 122
32506139762 249
79521783363 75
47748439627 51
28072380604 134
76327821616 50
96103699165 104
41832704097 159
107808540265 186
8154754600 179
55564095824 218
55660132219 140
19240345963 40
128765871919 114
103960625991 239
28236347013 101
50086194832 249
124977923019 209
28119504466 185
80518204147 69
61721282552 99
39423146057 89
46759245151 17
49488728461 138
79598023861 168
72497596345 247
42332671997 0
28236383816 96
75427416906 126
teal0000 53
41874429321 153
21823109591 56
43362865155 91
40181289123 1
11190585299 226
6938445519 217
27969797977 102
18059561059 66
40832776324 229
40826132304 24
28936330311 108
6236446576 125
6809694942 14
29585480364 10
38466822280 132
28197016215 51
46390659237 131
45160868593 211
39775185533 166
29916272964 192
47412037507 109
8459223109 14
13103279509 239
39103337616 24
16488290170 98
32126504270 183
17133695008 27
13348025555 41
19437769281 65
2061095969 57
35745514926 216
29381282336 132
18254222794 166
14317349410 245
43705274527 41
39483781154 22
34271056279 10
19176262632 149
36875239175 113
4090379003 182
849128650 233
9598795092 55
29721063146 252
14375208959 91
24098839679 191
42323449544 122
26120485657 207
36998205943 245
16384951457 143
2304808959 180
49554374158 144
368068553 1
31236614605 59
tenrec0000 27
15626729386 19
17297735993 106
17553466173 28
18191972488 76
17926235083 148
3686805784 218
15758478550 123
1815505954 75
17417938627 210
16135685777 188
1057318889 123
13685748161 141
4523245611 244
11969750905 72
504736692 54
1709426773 2
804050283 237
13637133709 98
16649939428 231
3885431032 17
4006246934 14
3166907760 45
2212513657 148
7562444436 187
7869311291 250
1074214055 91
17773244561 228
tern0000 8
400299084 231
12992109549 53
6726693315 141
7355362592 240
22829112884 70
22467768462 63
28737806679 159
31255593834 155
tiger0000 41
15075827725 72
14402324179 192
7013926418 125
7200233382 72
15180447682 176
10604248464 172
7867296542 237
10678080843 234
11056751501 45
10400570066 43
1236834328 33
11336754151 240
10595580041 56
290193953 192
12788856141 143
7595948588 168
7654451559 50
12111600940 226
7240455107 144
12797667378 121
1826075589 250
2703910453 196
14340970793 240
4927282887 43
10154807360 238
10470156582 150
6683762147 222
13617330247 83
5746604456 224
10024748130 11
8365307359 11
5965727481 33
6032349770 5
13955387787 123
10080574972 222
15396258704 27
12760276431 217
1146602504 204
14108598592 154
13128288318 161
8390269394 216
tinamou0000 30
1749711922 127
8058700144 9
403128265 250
7737506607 243
800063907 68
1735433512 51
8107190760 195
35052472 233
1438757167 75
5029628715 95
2645748388 183
5761269757 32
675912322 59
3270554798 194
7389909842 241
2135753394 28
3354512102 105
4796864197 93
2813253458 16
1344055003 52
272846090 45
905690560 164
23530673 84
3793246603 82
1903180646 86
2310059297 50
7244450712 206
3558511046 17
7359187761 229
19855348 11
topi0000 40
4245380899 202
16848154907 158
20441909397 86
6311065676 60
19692753892 72
13796441444 129
13908228985 158
2092471695 84
18778413866 64
5385970102 68
952770310 175
13793091840 64
222193192 42
15204245086 238
7470502993 182
4952764978 171
3842961582 124
10179193166 222
20435457493 194
10710519763 207
1576666621 155
1294834582 69
18003891358 198
13045953827 220
2911447722 188
20953742261 128
6290555308 238
17938325208 104
2771877164 75
17703129800 5
20627112224 199
1726455310 194
19297928670 136
11527156766 245
7816118683 175
2497978245 250
8099085740 1
18891691251 54
10965585017 140
17531247144 235
tortoise0000 35
22781522498 8
20538625440 23
17619596911 197
6891335860 70
2884236735 203
25594753697 89
9518368653 33
21663976423 54
15267938362 193
21858973934 120
24582808594 29
13393695992 239
19553025036 247
4234675881 58
23786142232 76
12920887852 53
21666812006 185
25687448648 190
7699051170 74
398684583 45
17819847343 9
7121979437 26
4677533017 236
11437549620 49
18849473348 254
23370605543 236
6612498993 123
10138902953 47
11275972726 184
25591053248 172
21634605594 48
24917570930 216
25631879553 158
10755454900 75
13311322428 104
trotter0000 20
71382570354 138
67569234553 11
22907011889 127
66926760007 39
32988933240 7
54327809055 205
27210695341 106
35633707001 148
15244500435 219
66010112905 198
13643954339 74
42491470834 229
59056521483 161
61571264559 230
26392180611 232
79710268715 130
29362577466 246
46153462401 209
12546313662 136
69798608003 26
trumpeter0000 54
21973933363 32
12006643556 40
49640366503 108
1689649634 141
27730314749 183
24968996417 153
38275242393 133
28591721472 149
45825491168 123
48608600105 139
33259678047 20
14705106406 6
3843326860 67
24849945546 3
32474610503 102
7172001100 35
46338586372 232
45041637395 30
41975737753 246
7246897219 150
32757483208 81
21830511973 119
44334779858 148
21474979718 47
13050574820 206
18339022551 116
4191750211 65
45667265487 157
19834065195 135
18776772296 123
37826141890 100
37926794606 237
4637488374 115
8991424656 236
25808949097 234
38184801150 183
33667059687 231
25625561318 254
10979532644 253
6611537779 13
49972786767 14
15314252530 224
9772414632 89
6620341261 25
45239937103 233
31483918592 33
16410205682 240
16915679684 106
40043839643 161
32292437290 92
4827139038 6
37186487545 52
41105232898 209
29040093467 94
tsessebe0000 10
9206776242 240
15194273031 199
12984938435 123
11148224051 30
15261497574 150
15637268400 33
13752170970 214
13234083204 123
6941076690 104
11063990518 177
turaco0000 60
8624461171 28
10502055604 138
10019040229 169
8604157769 55
12402531422 169
12018451492 34
13565203319 119
5056998875 124
19506578283 48
15478372454 33
2073558400 127
18380309797 40
5494481405 9
1264710682 228
125657504 247
17455400319 145
4258133923 147
14783341599 152
19387214323 84
20503720661 104
9141789831 171
21641685447 115
9172011687 155
11368369149 93
671843875 215
9884651847 250
10352873944 190
17867408940 41
3678465856 247
21023510284 242
3449724853 69
20451639985 32
15020038770 208
11123483867 102
6742774840 33
4474933091 92
7190522276 161
3053146627 237
22234127046 144
16482516010 230
11068008888 226
16410061152 99
676326419 183
4634957628 185
20516269259 117
5568447247 136
21033376885 203
487021504 206
9560419489 237
17820641108 98
9346379634 196
17424854280 34
16522723556 252
1857057370 115
6404601270 2
20439509913 244
1698820374 207
9136778490 73
2423536228 178
6576656945 101
turkey0000 5
40580459914 228
60145997596 80
18902746642 219
56493378777 138
32627040642 18
vicuna0000 8
21170358086 80
15362728675 142
13319088434 233
22132742022 128
29344683777 199
27519097884 140
18837239722 152
7494961976 221
viper0000 33
12121744685 67
8398432863 136
8157826229 253
7599927556 78
14639891870 219
9442558174 8
15703143902 162
15214614668 42
14438964297 95
8233338893 8
3640190215 181
8515185948 67
15868666848 91
8171618542 226
6527794812 179
1691401692 40
9410754571 19
1992678383 50
458513916 166
4840315453 23
467308250 141
12532394888 41
3783454550 58
12581877639 120
9597148902 80
15276607941 208
4140103411 6
9850522962 159
12002005698 151
6119628803 188
9371530705 84
151103656 57
8282247120 198
vulture0000 25
8638436197 244
3140435416 208
8307995066 121
1259433484 231
1920870505 101
7618281637 38
3457030682 134
6912454195 185
1390723218 241
2935557046 244
5294813999 152
4507887211 203
6838656920 45
3402206346 203
3915187481 255
2353259588 159
2766853418 65
1355410560 25
2142101446 41
6291731791 203
6609508994 14
8762140090 121
4755412307 166
989522298 142
2332504227 178
wallaby0000 59
21217294794 64
40176619584 53
42879996528 64
11266854785 210
12126563779 65
17599899540 32
23140082914 140
39965863390 9
44255874979 228
38930431225 41
34523468487 191
19455529706 89
9249806312 140
20635870496 7
6837228466 225
27281405959 41
50815415712 32
52358121458 164
24593072528 113
17335618813 174
41420654973 136
24135621260 148
20201167471 197
24467906336 106
13663263838 77
8230757086 75
13344789658 61
17796779920 195
27592594833 223
3880328712 167
4241061403 1
26354651835 107
48432959511 33
26746294225 236
53287769397 161
51853226810 170
40630722416 46
26850859721 227
48976156324 195
51694855331 76
25291659593 120
25584081833 58
10580974068 51
4877699255 105
40588752537 7
53824313146 137
39137670532 200
25795350103 198
50078023366 161
48958547037 224
24360781636 241
45155616800 238
12210374749 118
37324371598 37
14665962137 220
40976153002 5
18139951917 250
11254374406 23
8666953540 132
wallaroo0000 16
48327303276 138
17664128363 127
19614310439 116
32013463685 247
20963172103 250
46296912373 49
18213672000 200
2029799087 178
5511942558 194
46138515755 55
25634276959 19
46013158239 233
14023873782 208
48522313140 171
683179454 229
26798190471 169
wapiti0000 60
2414759537 28
26084963991 138
15216536425 169
27001983629 55
14643583410 169
35019034775 34
855532935 119
6339852869 124
25425639326 48
16681987877 33
15228389060 127
18125689813 40
3899515879 9
23227020717 228
6818829191 247
19022612872 145
9547008063 147
11091765616 152
13975965150 84
19949205713 104
6852621352 171
1237370937 115
33663995207 155
19034004691 93
13786893818 215
1614390478 250
3231467831 190
11594373193 41
1896669851 247
17587256833 242
36178758855 69
12389187101 32
20569179326 208
4555662664 102
33559403282 33
32787771950 92
743467343 161
22889892887 237
8297162497 144
2022564311 230
30368111448 226
21917864062 99
8749124881 183
25566798138 185
17604947108 117
9149974130 136
16844169113 203
16269445653 206
10860253284 237
36317399830 98
469875957 196
21418603638 34
34792084403 252
13819786076 115
36798661201 2
26545121953 244
12534511017 207
7194285958 73
35264146501 178
390859596 101
warthog0000 28
66070243976 88
58638808594 47
48487652475 224
277578960 206
42315429571 185
47532717588 4
37132955436 3
62300148822 170
45935246597 211
17978736327 202
38157048371 71
46205099398 18
34900884268 154
24224540806 62
69572543310 99
40596318117 99
5741711460 161
45994671768 62
28293013880 2
33992238769 218
51953230723 191
36329139646 165
3625586613 55
13580429620 128
22278869025 91
69115671222 118
33800105557 196
26269968602 217
waterbuck0000 21
10802521050 217
13827381440 65
12878784103 170
11011687893 19
11263740001 251
16269778492 90
13544421864 239
13043055316 84
7558740955 50
12616847406 144
9022721194 22
10980826551 52
9217722804 252
11221812917 236
1713267265 196
11838133680 121
4183841598 91
14732299439 40
2244329737 26
11823091202 201
11566739772 215
weaver0000 42
85310043798 198
76671558283 19
9770503653 94
83426477669 8
35483146378 64
52396449726 207
55915593755 80
1079853102 21
11469062760 4
69834427364 231
39399658517 144
3862574555 187
87696532149 217
103573917650 49
124814423180 22
90190609815 244
108247791110 30
90777237476 174
1366258153 90
31494477549 227
84142189446 159
75380368498 77
25000168502 29
130766160684 102
89523320234 157
83747632623 44
4642612922 130
73665907237 57
64070050015 165
81218110966 47
58411199526 94
11726888473 219
82689839872 91
83144712580 158
56582005673 99
57597899391 187
91198741524 191
136528472 194
7573130516 127
96843318325 229
122808941525 57
44035559977 4
whale0000 50
3174183423 47
359959939 233
3141963675 160
6176484134 115
7267599748 103
6372617185 100
2106419292 217
905083192 134
2275641296 241
3023255217 136
4890766605 255
4196830541 88
4262043531 174
371454511 242
362215478 150
3724292103 66
480707042 221
3659748568 117
6194668344 63
6617425687 218
1173786664 34
1881230663 184
3265160386 140
7374499124 137
281614658 253
6152389520 143
7033878757 169
1008867041 118
6344396105 192
5224267627 245
6260024029 125
2112004906 96
3452181893 178
5115915111 115
1464818019 51
1002939910 234
5887406272 151
1349545438 93
7049047746 64
5004214714 98
3798483294 82
2272976081 232
3989133135 168
3889178701 219
7033317184 80
736363148 221
1399274471 91
5304519937 57
1582673811 37
4995479588 227
wildebeest0000 49
3504137574 246
938254953 204
3381531601 129
5352286585 200
1867517486 185
4808925182 68
1503355207 132
3189515167 73
3221143720 89
6940874822 103
5695846809 33
577094415 87
155313069 121
755739610 10
5926374725 211
4346185539 231
5102653589 226
4210817491 84
4570808623 215
1514367918 140
7106916115 178
7060056043 119
784273650 153
2261398043 78
3529085548 136
6994249962 66
6034440073 99
2447685155 139
4726396145 161
155736956 112
2378005217 182
3457428294 185
4914504223 129
3986342623 131
4655100311 233
4131222706 193
4317073352 201
2508050139 225
4139337120 170
4476042527 198
3758179228 241
1473990063 60
4038946944 55
5741185947 65
4280729182 211
3569949744 170
1996837279 212
5365387991 135
5714462909 199
wombat0000 42
50062870843 198
4003834992 19
74092793255 94
11106525380 8
32024689166 64
61874231637 207
62529448276 80
33383819361 21
74980684141 4
60005433018 231
3328641216 144
65803228255 187
33727472856 217
30969297237 49
75759805458 22
24260158220 244
49466944258 30
75137022491 174
31218857634 90
7319589570 227
54382929962 159
65103353631 77
10908513639 29
28144426813 102
7069703288 157
21083829293 44
4692667918 130
44445663163 57
8324135792 165
29355323277 47
4272566731 94
45189795583 219
81908087127 91
52852814248 158
66188787629 99
4909530669 187
2900313354 191
10472919172 194
27551969561 127
1573796705 229
1217290307 57
66331365449 4
woodchuck0000 3
5116272691 27
2588037309 65
6757947289 139
woodcock0000 4
138368752282 235
35812112276 43
131779816934 250
137829867888 60
yak0000 46
3469809653 36
4173090375 10
4871179291 227
2367131226 235
5995980366 217
4854119177 18
4901476233 119
5913490392 34
772931003 154
2620936258 94
68481692 88
1581787350 31
6945341587 48
3172108289 76
770557533 241
2988773266 203
8536522256 59
7670938003 108
3175391653 51
5510119921 71
7221955695 154
8651716315 130
1447467643 114
229074468 57
340256457 119
1282480202 47
3395836841 221
7628944750 124
3434624778 192
4365380671 23
4191541963 234
5860463603 144
1007928710 166
6673250250 121
4604925332 47
8731248797 201
4813695926 220
205246541 90
1523594143 84
367052946 114
3503373632 37
387366175 191
8583093610 203
7080257352 121
5296711310 238
5895906201 252
zebra0000 38
27725273223 253
9209398625 25
2435041112 146
25588306349 160
238498796 255
24964866686 116
15201591020 82
17664394797 83
6663671122 119
24648230083 208
13005611502 73
1456356137 250
24337118711 6
23225712089 97
8952080325 228
16161756013 155
8473001995 44
5001881308 163
12828286444 102
27915009080 203
10421732452 152
17854539714 206
8517014813 84
16484118483 22
22858243753 187
15047302637 164
17087675834 183
13946862612 109
24952840392 43
20519594744 228
3536529624 118
12079243923 161
603104204 44
28705778438 238
8906615909 200
4312728162 49
28930176225 136
17950718283 34
zorro0000 6
13884366337 213
2059178670 144
13254486152 116
4256589723 129
8993995250 140
17143223581 14
