agouti0000 27
30318896721 43
51885309186 21
8857636469 144
89522622287 146
89198619486 126
75001570962 245
57159756742 116
76907847563 52
30568391101 191
81855527140 151
49730257240 23
3413443524 172
94523029264 237
47903161336 0
104293884619 230
31988455022 158
94916627307 126
28100839970 25
63404668198 207
59277549496 34
76491716005 150
84880778730 31
31400798032 79
104365704917 132
7954892957 0
85838964570 96
4778030155 29
albatross0000 21
1002536173 206
3760953918 49
2108302109 125
3556366785 11
4709535631 240
1753413682 129
4595602700 125
247177119 66
4530140948 2
3217999751 172
1699036730 56
4747379658 203
1885098482 34
4749292740 101
1508070460 233
6098175069 179
4353623469 0
4343699018 205
1998445880 62
268458531 47
3762044962 238
alligator0000 50
3105371745 117
23988294921 241
4004724402 190
14419259253 152
14969897787 132
22272231030 229
23103230897 233
23680856297 223
5128140538 167
5247875771 106
17392120988 116
5079424646 16
10205012165 253
21787912437 171
8573887825 169
11853520739 124
23013579404 141
9138443835 100
11136954214 8
11374700500 25
19781094873 65
10619368794 110
12842167963 69
16748749201 129
15813039304 208
11636953318 250
14619066086 107
20720678707 11
8104541907 207
8674969693 89
15018778500 145
18568287671 159
7273278712 148
16376545425 150
4492680380 82
12586536471 161
23774173352 76
1018486481 95
21047622120 55
9345208528 98
3705261074 10
21014297510 120
22044947699 237
9097508241 155
6212788629 168
13141007747 9
22977335967 3
5947458748 20
4271024502 81
3363323665 75
alpaca0000 11
13158141341 150
6446041539 134
12284267017 50
10112796913 78
11247357350 143
6925723999 233
7929870955 251
14601097144 173
11240162706 60
6327105229 106
4560187165 139
anaconda0000 38
5259484170 243
8063395617 62
6450394212 137
2923612842 250
7728634446 123
4781544441 58
5216730173 25
7863120233 130
3248778620 48
6645272475 157
2429642385 218
5399599345 31
7275996084 211
7061997641 115
5449190687 149
297557973 9
8729943999 36
5813966416 199
3403821068 113
213263 227
3713054635 47
8196538403 25
2665091483 195
6536527249 79
4907746638 79
633823980 209
6121024250 223
8900662446 15
5126726542 19
7332388193 15
723164387 190
3928981872 69
929346711 46
3257252751 3
1341799961 32
5050726537 7
5856564367 80
1471895219 186
ant0000 11
1465997198 12
2330621326 117
3241704145 153
1945867734 165
1776090536 86
4506018783 41
879943462 247
3970145844 66
1961401049 182
2885311604 94
202440523 204
anteater0000 25
48982484455 115
42039978554 244
10739922322 185
38640762422 241
23223342281 81
47492067299 55
17122535037 121
2718985795 217
40989999815 24
42566973475 108
16543871592 205
55944023622 229
56231065162 192
55761078736 59
47708843509 23
16115915230 27
8718401824 125
4841442549 158
47113966161 102
47018044143 204
39153123052 5
52730435843 44
40207456342 188
56026499838 77
21150041316 212
antechinus0000 27
106699142135 72
64747304794 44
109039036179 73
61785376269 161
45510232266 116
75658814126 47
24873889201 201
106395099733 61
63794672273 223
72234280260 122
78616622183 95
84680144197 211
126429393702 139
74624707735 113
49154922532 31
100008526127 85
109504667475 10
118550069156 212
111950906259 1
18907406084 192
14774078109 120
107667006217 94
10156369016 125
51263914213 21
8396816873 146
22984715984 38
76612275398 107
argalis0000 43
3509345744 7
4405807528 183
4027599392 33
992316400 99
2854445867 6
4204326310 48
823364225 12
1308590595 86
2248674496 66
637079827 120
145926953 7
3655277444 188
2698375014 242
3712555071 200
4101445273 65
3545735458 30
1941849961 254
4335942366 37
4442563350 133
2430805161 169
1921714951 177
2886897737 206
2876817733 28
794580102 125
1273191711 71
3270473267 7
77836956 21
3857947754 82
3762960848 217
1412026581 152
2087544681 108
4412655741 208
643602711 151
397195906 180
504750395 49
2282329969 228
1058103129 57
3403540935 89
3020663966 238
3483363942 89
2423613982 118
3454233451 87
1822660340 215
ass0000 42
7854684095 233
3804822017 70
5642520523 67
8392438950 216
7740093489 13
3651250062 101
588420226 43
978940241 75
3043001659 151
2356107144 158
283139896 13
8743494545 13
7879486026 7
7524071595 196
4699463741 15
3784893869 240
1727466897 247
5990923107 43
7156084798 39
696899604 94
217586061 252
7846396400 156
6440756614 52
5528795737 119
5024170254 237
61321859 33
8243287511 211
3342007421 202
5602422970 180
6221791138 44
6454787269 9
2065910993 54
7935549495 156
6436182140 92
7927035934 171
1258357057 161
5352393107 57
3239159929 64
3491880556 98
257201226 97
1903259099 137
5086976593 120
avocet0000 28
2166452393 214
62993072635 63
66488727690 189
17621527617 100
92729206726 189
1914443044 39
26366609954 96
13457683116 48
22687574986 6
79748548647 226
80665678611 78
81749062143 59
60394953979 120
92501352002 53
5778155151 246
43338628875 78
76832486444 193
80289604687 52
85454872854 23
32889874546 125
67409532249 5
65419095498 244
22755618372 15
18368240123 170
81447520852 51
12294247210 30
11950938527 19
50415041557 47
baboon0000 59
2667163656 56
22182150447 126
30938712558 127
27862872156 111
12856488076 162
28557309431 36
4583355767 145
4751288060 202
27132336608 95
25464712767 112
23809077477 12
8899411634 96
13553369361 59
9933909059 8
1631353736 14
20391131851 144
2727105082 26
11310836294 219
28019763982 183
10560080657 32
2952972837 33
27780238927 50
29532919359 77
19932876599 81
15029801389 13
21311138653 229
29006793103 2
28894675950 134
6884155130 215
21608023957 242
1307079108 109
29365607379 158
18524503328 194
11908545564 84
26056713879 49
22645417395 106
26290234233 80
17087239607 204
7245695071 6
16045202673 254
19912755620 50
23962639680 126
14711141891 66
6048244935 216
19080653515 69
28631304990 218
11164647462 97
24791622654 13
21153252465 91
13740353683 6
13978207044 215
9292205162 230
6726671293 128
24941187923 7
24432010732 89
11984859143 241
1039751120 232
19551096969 246
12879105829 53
badger0000 7
1545320157 220
922481169 49
3299447997 220
6067119960 76
2212379828 165
6321693287 67
1006991621 250
bandicoot0000 2
6388190447 85
5885232055 234
barbet0000 19
181412696722 169
69242680728 178
159958426482 197
113723814270 161
62376918275 37
31406856555 214
22762046085 22
124224887672 173
153732048251 87
112265373164 232
105366917028 43
87324048745 29
140249046554 81
187284355616 18
146052091559 18
81499750106 150
112026416440 162
144750469669 92
185346469739 171
bat0000 39
48661915365 52
32310395219 34
22795081306 136
64076413070 77
6749849356 246
43989023995 23
6618549527 72
68749411507 230
76055781294 242
74905698353 11
68924469115 73
58259703467 67
21842632976 2
68937431777 46
18283865879 230
55458616435 237
70361038407 90
85835738473 26
34817263167 137
39071076458 194
75425766376 187
66187242034 91
53679741012 37
6280526137 142
53784602552 63
73842764997 152
22823064583 163
85700775069 87
66550473169 169
18406926182 187
12408114635 31
37292756264 101
74535178578 115
74869408702 62
39452441486 80
42286835823 247
1295231206 226
1957627646 19
13199861999 86
bear0000 23
38848788635 61
1722141804 0
42674907929 5
28278007445 109
9882576255 35
38005166359 73
19077981659 51
1713507353 96
3562400669 255
28745160403 202
14732295552 166
1545041855 239
35756922784 50
341345838 128
36706878879 78
37656076606 53
29681036596 231
40981082875 180
3235784378 223
6134345529 170
7764677078 23
21696761311 31
22895940465 67
beaver0000 22
14316448129 206
4173756275 28
15028769875 39
18161065282 1
17264047814 180
3184708146 123
15982801348 23
4193856628 191
4187817168 219
17298048627 82
15342947749 144
18343442369 86
1984181805 35
10415116306 238
4989406781 85
19688657321 50
21120064806 13
8441776527 178
15113349586 162
14113935074 62
7502157975 56
15178630231 96
bee-eater0000 12
80407974417 146
1990034445 112
23480114289 55
29269856308 8
6076853976 227
18002409628 82
36643973315 136
46070623406 11
71964219511 173
65794465983 250
57852606952 159
14322017248 248
bettong0000 56
23525237439 179
13357611899 39
8512832634 116
17492822461 186
47170648354 8
55928119977 133
1365618747 63
13358405227 110
34325049905 18
39060035989 65
49809626115 168
37183711741 54
36915328498 70
25014924236 104
43458215980 0
26554168640 122
56959846036 144
25546926672 132
23887200878 141
25725817992 60
8967299405 99
42590229856 165
22492602951 102
26400748425 192
51549420302 93
1482057598 181
34646770170 146
31644674103 238
46581774242 29
34537829377 68
28607972346 119
34203796656 74
30670009635 85
15593736364 97
20742522452 189
19374972308 224
43138036057 59
53019825948 58
18018559705 10
47549529649 58
49146483735 212
35928047134 63
54038763465 139
32754847122 235
11841736463 82
6237927516 176
38296877530 24
24454428474 165
28421626080 123
18132365080 238
38772774404 0
19995958242 45
33412166329 161
37485238881 98
16519473751 85
31229485697 76
birds0000 38
20396157210 253
13103455653 25
9080193221 146
5951221907 160
4664357937 255
985183236 116
20286488054 82
4234317621 83
9594378904 119
12322481275 208
10669785456 73
1476131441 250
13212514997 6
3894330773 97
7131542577 228
5854493773 155
14305506602 44
21119127420 163
17153070799 102
5544681784 203
17277708546 152
13035226548 206
2933813137 84
1826473781 22
9807586627 187
20423390607 164
10955414852 183
3562511058 109
6322185722 43
3815740494 228
16166371287 118
17265793967 161
16808468836 44
18432683336 238
17974381499 200
18749062134 49
6058213170 136
424773325 34
bison0000 41
388255528 72
6373279301 192
4379300108 125
2558422974 72
6161280795 176
1345623620 172
844281980 237
3182825233 234
2485044691 45
2087497268 43
1672488186 33
1453273539 240
4266307661 56
5289057925 192
6150626663 143
4508333036 168
1256229410 50
6268209020 226
3921179861 144
4130038782 121
3730998758 250
5227314823 196
1885757623 240
3430324323 43
3228973802 238
700612900 150
4400329884 222
5828558857 83
1128931425 224
5874973562 11
4822639411 11
2063349849 33
1102306225 5
3624982773 123
773773989 222
2483533348 27
4921913367 217
2323911854 204
947695428 154
4075213674 161
6188521217 216
blackbird0000 23
2706931855 177
78768099 90
7942021079 93
4474776706 100
10017660247 111
2846871366 227
6827907153 228
9073666517 104
6416286286 220
1561522828 75
5477222291 245
1560046068 6
1860740623 17
4492051161 117
234542528 42
10940973548 101
6264194396 250
10392662299 93
7611354207 67
509921057 230
7355412545 177
11566129307 12
11629698770 110
blackbuck0000 16
5016908749 108
5224295272 100
193720426 13
5255401061 160
4842831447 103
5796875066 164
6343067465 45
485886874 131
4982336656 201
723754660 62
3603890441 225
3702983330 252
966540132 152
5510531908 10
306536547 77
3504699938 226
blesbok0000 53
8629798291 76
3902848948 58
4939686977 244
7922570069 22
9241179190 173
9200467729 39
5462861885 30
2595970706 255
208322832 135
1106583031 61
5922165302 69
6090372752 90
3908996226 187
1291577369 42
2341153402 77
7778182283 100
8096461098 206
10915425243 13
7103114634 162
10042713161 234
1701862246 81
3006081563 33
2509164525 15
6493058273 0
5927496360 84
911959277 233
6348888651 23
5411308509 68
6280653414 252
645624610 86
1416526042 243
4136112716 82
7058284567 104
210788020 20
2966605956 1
7182172377 122
11381092418 219
5129025721 95
1146872960 14
970175644 138
7510051881 238
10187499300 104
8355818491 46
7406559262 201
8954990759 44
3192826599 77
11182603170 114
2267904477 142
10008854492 219
4850733009 75
8107607181 149
9620395454 191
851084501 123
bleu0000 57
2128726986 51
3443664303 184
3505760808 7
372191425 236
2185810100 108
3571494218 105
1806442308 201
449178832 198
4408154084 194
2800803367 60
317214367 55
937320408 200
2391419571 121
3524593695 147
1088428469 242
3272692306 198
1067404595 91
3821742259 200
4512676661 22
1837199240 84
878381398 58
202972948 110
727914810 164
1988344832 199
1949532361 239
1965186851 47
2212989289 28
686503996 107
124959440 195
3939963652 201
3753236585 59
3763795269 140
2929242384 127
217419899 80
1677575270 175
4133806844 230
4612709964 132
506816084 110
226340384 87
821040784 195
196642919 224
4472415854 206
4333073846 2
4334468236 188
1967443236 143
4373509857 81
1372153299 166
2672630373 242
2740841233 56
933661211 118
3023591782 246
4044584265 189
1703417302 17
3660113419 188
1203823593 179
1734068834 162
2404904184 191
boa0000 23
233399512 176
2586561097 150
533573870 132
3598775818 52
5351087217 140
3148171697 141
5498228731 180
1240030555 157
4092317258 209
5183308233 199
4104446374 228
5358434834 252
322439657 176
3058052520 253
4136253617 138
317668064 166
3667270244 6
480067975 97
4219325832 142
476631187 92
4720199670 55
4176524598 63
5500018000 178
bobcat0000 53
14388072605 212
7010711328 63
4721443551 9
1261343010 65
8013338346 175
1121895339 230
6644250113 148
4664950556 39
8003630967 158
3227565990 171
2865398336 192
3027190151 185
16290663160 181
4272153513 240
5059201546 98
1081982878 84
13329332066 121
11340802771 113
8270450547 222
12530299595 134
8726053111 230
12933640516 24
13050559546 70
14206940508 214
8239572458 65
12969127394 82
16297202917 94
2359990814 152
11901981439 127
1305763989 143
5478181243 85
14253032158 161
14750407848 131
137983633 184
12560438651 205
8539888564 214
8811913811 51
3005867511 154
11524970033 131
5514836921 158
11800435898 249
6582238689 35
15443936474 50
2905171606 130
4494443137 135
1473047625 22
2053844846 101
2076817637 220
1823580282 66
10424945256 152
15484176720 40
6504870504 108
6739403802 248
bontebok0000 25
90271937737 115
28678835382 244
112081948032 185
46194873767 241
12628170667 81
43331727944 55
128937129177 121
97751251599 217
135987485180 24
70422249489 108
7889756396 205
106072668547 229
147138532866 192
146862382512 59
85361896156 23
539228863 27
133466558983 125
75299615163 158
21584000903 102
115770998120 204
89854165612 5
119377144328 44
55071635384 188
128728150494 77
151950581749 212
booby0000 41
9366923044 72
7770403040 192
2843360814 125
7004766978 72
12355629639 176
6483798333 172
2634011237 237
12783718700 234
2702040710 45
9049687742 43
2383173570 33
7011265985 240
10730856392 56
647902265 192
1259404034 143
9838398137 168
1132665211 50
8142072905 226
7104832076 144
3924700562 121
1793339241 250
11550415267 196
4723222836 240
8772659472 43
7473096509 238
2476317270 150
2792793954 222
11688646690 83
2658679405 224
6268168006 11
13134239401 11
11553755137 33
5667222178 5
10029226443 123
299236668 222
13261035216 27
11616135111 217
5950477974 204
9360436107 154
1154905485 161
13398300177 216
boubou0000 23
1471005717 15
2765642931 160
2210551905 191
3245724018 222
163691141 154
2592498550 106
1352001969 55
4424335990 118
3380419433 156
1699307474 242
4073496741 151
831999629 41
596031560 167
373447410 42
1125459478 250
4096060080 88
4199224378 150
4012420751 89
1759079401 134
1533589324 127
1197716356 212
1865421731 106
3101053519 42
brocket0000 64
2434975133 152
4853157108 60
2323023048 87
3300445586 67
2321393379 250
1794216042 143
1130864250 71
2504547100 245
3698838634 80
2923207326 228
2731177218 107
5156176343 174
660190446 113
281393145 131
130312428 196
575649954 221
5192351498 121
1725423579 135
3118742372 246
2478696211 234
1095790370 235
1568320675 159
1522731741 218
1448941620 136
391241386 198
4075969623 22
709064388 21
1184201570 75
1898061107 220
2744568250 10
1871993441 2
626898231 5
2116552370 241
3941897312 205
2590767920 118
749936736 55
2699008808 52
3094359346 105
1964916956 120
2050670953 167
2103511348 194
4897557080 142
4270186321 243
2636299856 48
3269811639 251
1066692748 173
155636888 135
382853527 158
3177255373 162
1387132997 51
3678858801 91
2986225441 41
1116586688 205
4975050252 239
4047011874 145
2479635579 81
594204724 79
498370395 211
977547972 89
261286274 32
1715427559 98
469493200 160
81861403 14
3803722570 60
buffalo0000 29
348815513 176
6077252731 211
5298300107 27
6946958700 170
2640829618 68
7882522718 135
612203089 187
4555965791 98
3866455926 25
2879580079 68
2448238169 246
3153578011 155
625554715 208
1418747831 203
2829702130 160
3126442903 120
9490508595 170
119988739 56
11047547 75
6017664050 17
2679822012 9
1513217581 92
8523007244 167
4185920940 21
8926023842 45
3230187745 162
3904918039 49
2701090252 43
5443360545 12
bulbul0000 8
25015553652 80
37367277927 142
32819200984 233
40398243752 128
908578204 199
44648946236 140
31352201394 152
36337334742 221
bunting0000 34
21359758706 187
22082319070 253
49648714024 101
57633975750 2
36296542004 28
34038302916 31
38036601636 254
54549760883 71
71843659487 12
55265471796 177
10556849587 57
49018448516 5
37734209206 51
9724515262 199
48308183637 182
17152830526 32
24990623706 130
69791277789 55
49773153109 50
31577556600 59
24818166274 218
1069813940 112
47846890584 233
24888825689 174
15371611694 148
66703866725 100
40172228562 204
61009790330 129
49014263311 207
37801928891 246
62206373958 135
72221132421 15
7889550217 182
68718019439 158
bushbaby0000 44
2653474499 224
88854236 192
4381729548 42
3239162908 115
861557276 189
3410806763 151
1976248168 138
4324745404 147
586538630 114
875939959 19
4098310610 102
3165448067 162
2409396644 243
1430110730 56
2427883002 194
1613406311 47
3498350973 94
1211863504 53
2814838555 223
1229256992 211
2392679457 41
3361973094 172
329119693 11
1137170967 168
2427109366 20
1446316970 45
1009190538 59
1188155546 125
936321180 21
1900422815 71
3451708248 53
235596680 233
3410662207 98
58390095 40
1953140579 254
4074148194 161
4119413218 124
2543209690 28
1974331070 172
516658233 33
2438516607 28
3530012871 215
73862197 78
4049290436 10
bushpig0000 16
2802851156 161
17168669763 147
6362632529 176
12666689680 19
7470394419 184
8950918126 182
19080850279 211
18927882953 137
13206508153 13
962648433 198
2792958078 227
2691925830 145
16801615790 68
6364815298 161
7330114779 35
2218258461 98
bustard0000 48
3027027356 80
4312124166 149
2331965559 87
3381662118 238
438509149 181
2233008470 5
3825919933 254
3924864233 93
2438856462 183
3502101300 124
3149549045 43
1634938518 5
3853794589 117
2559923967 205
2458534069 15
2061428740 39
1677577729 146
1237720725 53
643125221 123
4505633742 187
391596801 86
2506801264 22
4255517967 85
1728794458 152
66114148 227
3447118653 125
1679478362 245
2910028057 170
1341238879 193
2040353428 201
1552561870 10
1202502816 99
1452104870 64
1213071629 20
3071093513 92
715392819 194
669782126 45
3749380492 224
3751192934 66
3330977216 39
3817419900 155
3871881493 132
3645047693 235
3740003976 221
2615397818 197
2149438691 68
1400611291 192
26706762 133
