devil0000 38
10014572183 253
14828961355 25
12934518596 146
14926095763 160
7164656916 255
10507894336 116
13603201061 82
13277549693 83
14070169358 119
10284732183 208
2911044694 73
2446072633 250
7522834879 6
9551971193 97
11671493530 228
1150213061 155
12376058177 44
14179339078 163
2032022056 102
3871648120 203
15350637897 152
14562676574 206
5200722243 84
8888538329 22
1549928618 187
8924087655 164
13833425348 183
11297087714 109
7688757909 43
6035221604 228
1598292248 118
106319651 161
14962483569 44
11089388894 238
3340009919 200
10701787318 49
10391110419 136
8002936839 34
dik0000 3
32611339925 39
8439393565 193
52047237229 82
dingo0000 50
7015155408 47
6165768554 233
7023493732 160
3164113892 115
4054017244 103
6313027196 100
7230465291 217
6347891995 134
5106754008 241
357138030 136
3332204111 255
3780782959 88
1814466414 174
8331274327 242
5001700160 150
151854705 66
4416824286 221
5362397885 117
4150711098 63
5639087217 218
8214256280 34
4670544407 184
667174430 140
5806145591 137
3242386676 253
6581270755 143
8033215635 169
1744293977 118
4395208002 192
1940001785 245
5483393296 125
2952592114 96
4891279555 178
166956402 115
22530960 51
697107792 234
4362335467 151
1706087536 93
8194112675 64
5490509638 98
5363695379 82
5209247343 232
1471200603 168
1943694645 219
8095751411 80
5456458067 221
6238953457 91
5423695397 57
1530480627 37
6090190514 227
dog0000 31
1313446338 11
3304875228 120
5102484067 197
818273005 17
1084122973 233
536692853 54
2955083694 206
5748014588 70
5912344416 49
3052568564 31
4742958241 225
58724014 252
432867215 11
4769634096 213
2980200104 160
864322634 93
2658416199 225
4284954913 85
5752019884 161
3680851309 185
3460860287 210
4255864076 56
3072614629 76
3086736441 126
2120898298 74
191319041 241
5396857047 190
3142790408 185
964115618 106
1158398112 177
4248172311 206
dolphin0000 36
19618342043 142
5143321333 55
7073303741 141
6806096661 240
4893571924 64
20691475329 90
19342320763 65
18831723482 65
3802032408 40
11979981906 219
7005810649 219
4932050305 36
13940662428 211
6878967224 184
20485329730 183
20321248275 114
15692978075 15
3406708823 40
16773308668 65
19350997941 51
8307367943 93
19147636480 50
19469177493 192
13101182223 148
7137853202 241
13415186226 162
16137139052 88
18963154151 97
13386999762 4
5246861068 249
19641735688 194
11636778207 129
11981573801 56
16797801060 170
37712240 87
9387665752 168
dove0000 19
57991318154 162
45753604025 193
20782318975 169
63161953282 60
28397483106 179
11424724262 67
58186505353 189
23895853482 165
38989464700 137
18509374577 239
8626235284 4
33598103032 109
37271734486 96
50679172777 87
41609389319 16
31412277232 242
45706329051 26
31505437782 63
16366943768 200
dragon0000 36
20072869182 68
3655088004 185
14318411418 112
19034508053 95
10478514308 90
14337581947 131
15305484969 151
5855763160 205
3897633905 230
2732423781 146
12391659399 76
15924776369 45
13747335023 47
11024174099 144
4109542956 146
15271775098 215
10235395951 52
2653231801 226
17486933337 58
2342837398 24
413935838 109
2346557450 128
1290095537 191
12011219515 57
10918021036 158
4904981143 108
21907955033 192
10690863467 43
12480559854 123
15980085435 73
20903553197 91
18800645367 120
15714993017 81
5845626893 192
21541861454 19
11561838935 254
dragonfly0000 10
48925875428 217
31239389407 153
19206352542 31
38375781063 38
39743475792 71
31193474337 251
40865420535 233
39504186376 20
28225027581 252
42144046517 73
drongo0000 27
8546729619 43
21538674292 21
9769849905 144
32049073375 146
21132219298 126
2794421600 245
10194678486 116
30369268847 52
32362888022 191
26718523382 151
9314374542 23
29668804516 172
7459344091 237
7378058526 0
6853077435 230
32825104658 158
21845101219 126
5224289288 25
14206922018 207
19399239256 34
6959618694 150
7577989558 31
1398619323 79
34697363169 132
26823917386 0
14501175596 96
13608041578 29
duiker0000 28
6315027268 5
6948767862 110
7917808683 218
3704985294 87
14416727976 49
4330176121 93
6742067553 58
13445283930 132
15380310979 89
679522866 195
9930634601 202
2623614545 186
12518328315 49
9560876613 20
8007828619 178
3554062881 137
14071202171 70
10040584715 195
3623027680 233
6452771772 117
488325788 53
15419552699 183
10196550926 33
15441127480 143
13143159145 93
11939296556 7
9858227398 150
6567933 188
dunnart0000 28
37041075882 88
5133047002 47
36255621174 224
6081615295 206
32827653408 185
22207239888 4
5952553984 3
17533414884 170
13823728533 211
10779001976 202
32189866037 71
2114487162 18
30680007484 154
36579335967 62
5968652344 99
14562361315 99
36670199526 161
3649608485 62
26052294200 2
10104002275 218
20547949306 191
5571307041 165
1305744860 55
12119921757 128
19865378901 91
14752862838 118
23287484587 196
24097709615 217
eagle0000 46
1331009051 17
1111453301 246
4535440879 79
7469782902 225
4630243604 159
3291113160 154
3241302619 83
1321143076 246
3441700753 159
3528013013 232
7376126197 47
445274051 252
3514127118 154
3629396466 226
5734363880 162
2760611880 36
3436834116 129
7289263397 33
6882122780 103
6015316011 93
3092150525 255
4143441507 63
3960999794 226
4578683480 220
1879887277 105
6925899600 230
52846715 13
4737310313 174
1416983196 250
2039493692 210
5898929186 226
5985664148 191
5224550211 42
2914202514 10
5909409684 71
5006718026 145
1383206691 42
147971263 51
4367091912 65
170663329 195
5091460371 128
6745295423 106
1095215543 16
7007371637 20
5518471692 164
1375383177 197
echidna0000 3
636701976 96
15748443426 214
10901409881 6
eland0000 8
7185014937 151
5614168324 46
2963281045 91
6531016460 206
6275446598 219
422880443 92
3851463407 143
8055849609 110
elephant0000 30
7322921525 103
2246038446 21
11883099918 214
197524584 148
2559022470 244
6064475909 153
3577363383 210
3286777271 18
4619659366 148
10490245524 12
5306625904 14
8428521714 190
5192777775 15
7799683563 240
6567802441 213
4679720376 68
11678719776 88
11656284350 28
2592146303 232
4904628428 35
11214209090 232
6169722527 111
6310220232 105
9529024861 120
7703642870 140
4057459674 189
1460622715 94
9917800947 41
1364935300 109
6470244916 168
elk0000 58
20141522738 212
14856215903 96
8371695518 10
32291550442 87
2623489949 165
40149564520 130
9913228025 195
7922718637 50
13611472780 183
14091477770 206
39187369949 109
43174114211 167
17510763159 59
34084753385 195
22293150464 190
4510436154 242
24974725442 99
2938185076 207
8977496685 218
3445448243 166
2902764188 188
6195572877 210
7719682786 176
44985808014 69
41269163091 26
24667057441 224
14971286017 14
21206392214 76
4471708838 134
39197933884 193
24451215598 35
24208726618 74
2533132499 243
23495072528 222
27319236066 129
9561970348 81
17549707579 171
44435754838 26
24564508233 167
16508587418 1
2360163688 178
31182964729 175
37193313049 223
32043057778 217
23152939413 138
28129914436 131
2277960106 76
46294061550 161
38133132212 117
11673632520 137
10799676839 231
5930728153 93
8221529906 137
10926422726 163
5905731091 31
28641624525 230
19067859877 24
9210039751 54
emu0000 42
4734769704 233
5760182155 70
6984750088 67
3126478440 216
9033111851 13
16538447436 101
16139321245 43
3455125891 75
7405492213 151
14983551502 158
6013098222 13
11640048485 13
15684397181 7
2556532627 196
1399239611 15
23025789309 240
27888308 247
2092180617 43
5120779215 39
580744670 94
25761256692 252
21438071610 156
13658851989 52
11177436895 119
23524771514 237
17788192057 33
24778329494 211
6397331991 202
6322193199 180
23121287932 44
11279873552 9
26368561501 54
21319140990 156
5069679480 92
14574074731 171
12130315555 161
7691687325 57
16109591119 64
15648383986 98
8683756212 97
25796711135 137
15003986905 120
falcon0000 31
64657817668 160
134117653108 63
53774134280 146
22483034157 160
106131007593 46
49917251763 51
117817181315 127
25694737548 136
162579099350 205
69342381155 198
124596290261 38
52088280603 204
41107348496 80
69781351029 75
148334905271 140
17772482645 161
1671839638 25
46500458678 81
86127667559 82
13130560973 43
91628029614 89
112768486639 225
92329496512 90
156468375110 157
165349654608 172
66534814711 103
13077263767 237
137650818034 18
81370993698 3
131845627545 43
16485202752 85
ferret0000 50
5111250848 27
25583714449 13
63718066590 253
40419627457 8
64376024972 70
63511466044 163
9092011213 11
63029502275 57
20995520060 49
5910076412 139
16898002615 93
35146466690 24
28567777959 10
46024497657 242
61478783583 35
23196728019 196
49708047877 22
65169147310 75
19166507134 66
57454239085 63
10811164614 221
59294746532 22
27975581091 46
33911238391 184
16804744996 88
42703130563 42
4682354593 43
14342158542 60
9018661311 70
13072667117 79
30674723120 225
61165296656 156
48386503925 71
38876393657 92
20822089537 99
31121518614 232
30342508662 226
4607452144 91
37754460625 124
65458804591 125
2528725504 153
18149792201 43
23140271561 99
6398073950 29
48841756658 219
59072052360 182
14600881842 97
32163579265 189
3443094916 119
28071662655 195
finch0000 58
9374724807 62
13439330267 255
12095260139 110
8406466107 96
7612922516 184
15143000020 23
3994328655 198
1599125051 107
21548315476 218
15595969493 209
28341445015 234
5703676026 64
18593905561 240
26776130847 40
13691994247 55
22810207032 180
16992796373 253
18318390988 111
13785585428 144
707455709 222
12830918499 118
23134457035 195
11351435082 30
7184247676 226
7641292434 79
16215245398 223
3135419756 157
1002612997 209
20008113029 115
15029117295 125
13661400743 94
15804707373 93
27449122430 47
22343263552 215
11347105594 243
772906713 189
20233444959 113
27921253339 11
14490457816 115
23651688107 179
11843111322 135
21867913965 223
11153045598 73
12637217216 203
26006318462 81
22084816600 67
25411068746 47
10779055629 75
21717209569 56
5974029506 25
14179264928 33
2309573774 210
7362529070 178
26824243848 80
6649789368 25
12553980534 66
22351293887 43
5987716500 99
flamingo0000 8
20688400495 36
70795834091 112
13667329520 1
60419327242 107
9513618954 45
82040422969 30
93985523534 189
3026940112 32
flicker0000 20
6273075194 83
1146102612 5
5228264322 85
7178492429 246
8694450450 115
224819507 212
2834341853 18
4691412823 41
2752689041 180
4712263941 33
385082514 171
6566465158 48
4850152802 69
6444435380 21
897125788 170
1400611865 60
4806031261 0
1620162654 102
5161835582 60
3671806300 133
fowl0000 50
11156275464 118
5866823171 208
4719333667 81
25852601282 8
18382051610 160
13157814731 79
17505402253 9
3106947826 200
22028177181 235
8216913755 129
3169532260 88
9632226941 206
11548815617 69
24118678764 57
18984415997 151
6410774391 64
19906899525 139
8794292180 137
14365570155 31
3722418619 233
14835673084 15
13930184561 239
5937218514 106
12376838956 73
6186597627 181
6727428721 205
11048417433 129
6370131496 24
9534436244 52
20149819975 21
8017716723 90
4267198911 63
2051443210 54
21437494786 214
2207190412 100
18251416556 204
6659848674 37
11833144567 246
24349579507 220
10688346902 160
14041490614 49
1982565005 219
9730528356 167
7250874550 175
4168730152 95
12607060184 69
8363001725 162
26337999881 56
1621829665 154
7929523732 255
fox0000 11
3091822035 246
7233340596 197
424572676 126
13252331707 235
24046729314 148
857262856 124
31608232505 5
466206961 226
30381110415 200
26449947807 63
19491947061 153
francolin0000 62
78860397712 164
91158343043 198
14959156419 150
93154283594 165
44563170254 216
27137209949 132
19966212080 231
37477937825 123
41423179973 95
35226684271 155
99880529473 2
9516878301 49
53836547253 70
95634516382 1
51460578903 209
91452700307 227
10937746883 106
17025019371 142
85785826891 4
60151014153 138
35805634158 42
58916167776 71
71733500180 182
50723613259 98
94635847022 249
85036166730 237
71987127505 202
96865255811 159
84293583961 164
25162705189 103
61080431474 13
37195810025 71
33044169634 118
1267269230 6
22491492979 47
13666682804 14
80052586704 158
43029265720 188
32261879226 174
34128445628 55
68415572098 32
27103618843 247
66958138156 161
100142441729 96
21190026312 70
10908001029 223
50840269595 184
98052133562 244
39228475170 75
45717843352 185
65330811829 31
82936007942 91
25529254229 113
17226138707 137
42710544105 10
68638416286 108
88164911289 112
51770979372 168
82165946544 231
18044139242 221
20119672121 163
1920434846 73
frog0000 19
3598066579 162
18828166735 193
2535397405 169
2818238977 60
7656755972 179
16536339839 67
13333444023 189
2574861126 165
1821821033 137
14404288492 239
1625193136 4
13841245559 109
1862709770 96
10430812433 87
6048493772 16
16871018435 242
13929315623 26
15632517135 63
9690996971 200
galah0000 2
626078634 143
5100823724 72
gazer0000 56
7096021542 156
1132769169 70
4174146188 110
5563158705 71
4185720448 99
6170191916 27
312870500 210
6506707130 237
2140960230 136
1170699002 124
5473071449 212
1545077983 86
3966115807 238
3542523909 83
2345155415 99
1148147560 95
938783117 66
289434921 114
3338430195 61
6135486385 25
4435544463 147
2886427637 195
3223883426 83
2021519186 96
1100237177 102
688351218 94
1114604990 55
1967841746 140
6231370334 235
5417200808 168
1892675728 52
4833116179 223
1018548865 164
6280883047 176
3648099836 7
5576358013 221
5541697286 34
1977693244 224
1854588918 72
4119132280 111
2101985217 116
980535674 235
5246655499 75
6205162772 229
6084560228 166
5152125481 210
2788849745 248
3928124757 34
5378144918 133
6839429310 72
4031700546 184
957967044 41
1627565486 239
446921452 231
4809793240 71
5221575378 62
gecko0000 42
80035342250 35
92236114508 54
16526970120 182
68003188443 252
37908099664 51
18614284775 232
2210684566 222
60995862470 213
94578518460 183
54550616306 100
85430592696 1
68583359283 140
73274475714 138
14937051577 103
55322065907 75
79966283824 17
3842277655 245
74902363194 11
81018217503 64
18195977088 142
49157602278 150
48880583236 25
25448775816 167
1231834547 61
25065846066 22
58849579958 136
94751167267 220
34871569613 172
39020048336 30
25087465881 237
13317451061 189
21143813319 181
49056479536 25
15543192264 170
47869667647 72
94015850900 62
87749960781 243
29254125022 237
29011363734 189
81749698289 0
47133653415 251
22031274421 125
gemsbok0000 48
65372462472 144
8165459237 120
96817223873 147
16669236382 251
93222111812 8
63232066035 180
100626791034 149
88297824027 150
80771389075 128
107126038590 166
10072363068 240
38654492852 254
34673355182 238
99074996963 82
12032904261 173
70222327402 99
26919519842 252
7156880786 36
35406529871 179
105596960238 143
34628932657 36
19974261459 100
25256424147 17
47947263584 205
113748405946 231
113113175403 243
68005802306 99
52859931080 253
30595579909 111
47806407168 180
70236400412 176
45944246500 176
118050944155 229
29522755408 138
16062732161 5
89812130245 192
70573034360 32
117976793035 9
72148826193 245
34397416143 150
54521371539 16
32805628741 148
25571465367 127
99480200813 200
96059174297 19
29817935818 27
80479858111 77
92815481245 94
genet0000 30
52979999818 110
27681637281 254
23242136808 216
88093613603 244
38622400190 253
73003475386 232
88573288418 145
69617585278 206
35953613181 83
6732341323 232
63196161566 100
79827367129 81
74581092630 181
23309796432 160
51744754567 208
64178998629 19
26750055647 203
83726155082 226
23254318447 64
88991806236 70
6306094932 24
32082495573 66
87174154545 169
26728942727 97
41565910538 116
58915913363 117
35650038181 205
6023187447 10
61744604612 251
3773030184 208
genoveva0000 33
12900535389 54
9920175236 172
6664793876 22
2512076310 148
15428762223 133
14610870872 24
9048103013 197
7487960332 145
19135965963 33
13235756619 70
9710992089 205
6444858889 106
20447373921 249
18199552935 15
5895232899 250
6763088727 19
19769361571 244
3641801449 20
27164604768 138
26168634462 38
21392449345 109
1761592996 53
2372645718 114
27017709990 223
14456568856 135
5219863408 78
15858760227 10
3378669734 46
9406372900 86
14875574673 219
22408489432 118
6099284019 17
27368567600 39
gerenuk0000 5
5691488335 188
3442579393 100
4395505041 7
7613574870 254
8742818575 32
giraffe0000 13
3035473563 194
10051655474 151
14219459362 65
10555950536 35
3117715957 133
17989209851 220
12788638688 213
26486335384 203
23274111704 241
26333343904 76
25180441544 79
22222391247 47
27347843972 9
glider0000 41
17529561659 94
13603543794 212
17758774419 143
6606257702 251
18749545984 179
9438568755 51
9513953401 57
18603197554 174
10540751295 62
17985635769 172
5195633247 199
3216302415 5
1933936083 4
11992989750 109
3467915365 132
17560932425 37
17678018752 49
14272468760 139
8770784944 203
8905628051 90
3427764755 155
13393248063 16
12564653249 65
3808311597 233
7909051476 208
11269233105 71
93900992 91
8320410261 76
16861193195 18
7240400928 153
9571832594 3
10925766806 186
15471893393 38
4672927378 196
19076714473 78
4050555508 116
17360173786 80
1446716449 136
9246150826 253
9177308854 55
12843628311 79
gnu0000 54
8283177075 42
16528728307 56
10950869799 132
14163061022 49
22293904034 240
24726798189 201
4153246674 73
18599257704 60
21623481321 28
17687057447 174
24478016512 204
23157569854 124
15587557941 86
23541521407 146
17334364270 252
21843758885 230
24441783429 138
26409223412 7
16049262710 144
4766740857 139
21872828524 178
22825939523 190
17871163162 189
13754288649 9
8111753072 227
1264971269 33
17010110792 76
8859432063 242
15695987188 3
13255283836 10
3448243014 123
24345878156 218
1320596191 213
14412043042 249
8476429577 141
19104387267 62
21215227389 2
8818102381 230
20261290266 165
20291034625 106
3032787019 248
5586975495 84
14655701264 173
4151480609 123
26754264782 197
6205951655 212
5098491280 34
24372387192 171
17486819806 199
5611174707 135
7388646675 124
5022915019 57
5524533485 231
26724705108 153
goat0000 56
23150262731 69
28147708 66
57526216097 27
51811624595 81
67784597743 198
31643250887 16
49725498611 2
63309033582 47
50796971177 226
31017438211 66
58583976654 61
13371385152 90
29824927562 181
2892508243 25
13098460427 114
30218019586 160
13844123201 15
63714639528 175
7260162760 41
20035690565 64
45865283911 232
38535237316 201
33439194252 180
59884023513 168
67141741266 43
62780825318 250
71364972259 23
25769049698 253
17405409411 68
15143901601 102
59666765209 230
40304539626 203
68762153964 93
58877371701 218
15208877583 129
67840239938 21
56524239654 41
31970292627 66
35314663686 196
650569569 55
48034598400 182
31519308913 60
51769212842 150
10735261980 221
16762841577 191
16973729795 107
71239487470 140
41946540819 104
70819170119 160
61608200310 75
32867190283 155
22023619806 198
23024116987 186
24251902971 29
25896390580 76
56586315666 163
godwit0000 60
5325930441 28
20621449932 138
33863081181 169
31979472132 55
411625460 169
14407444592 34
4117682215 119
5191623725 124
16450442142 48
1461515647 33
18097036140 127
13671526659 40
20525043105 9
14777045513 228
15963544519 247
22230095564 145
8923195071 147
2075744693 152
21053751530 84
22461480069 104
11526495406 171
8232772165 115
17731724759 155
20584022506 93
24821275310 215
933901802 250
14620156363 190
11114535520 41
14437337553 247
20852020845 242
10402385263 69
21304701509 32
35279937556 208
30399737768 102
14069197370 33
32914998821 92
26593141855 161
25650841231 237
1159602689 144
12073878185 230
11195282518 226
17891222049 99
20881194665 183
4266301183 185
32900958200 117
19763340472 136
10852211001 203
15328794711 206
34436253642 237
5073781180 98
13511991029 196
7017181989 34
21048764385 252
29205572569 115
29081898017 2
20605016283 244
31582706049 207
11759425123 73
21612410221 178
17443065490 101
