butterfly0000 51
22557646323 228
17473389035 174
31287938297 74
18546289518 49
22576296566 107
34813074361 187
16233338484 80
32838960582 162
35847978239 85
4921208254 159
10562679335 97
3723126940 45
19018190533 160
39266595518 7
5918448258 231
41599471544 145
13641390246 56
14132048018 164
16457012911 75
34068824890 51
2729963782 135
8029375447 95
42941698027 18
33204147339 109
5885334658 8
10158154472 167
28072951398 214
5652695338 8
26301168650 72
19577135172 202
14109491016 206
26873558511 115
20143094510 138
27698776325 197
37632782219 59
29255199365 8
20135493688 40
22486877450 91
6895933189 61
32013441120 53
41758071892 170
30739726725 63
10510684156 205
11680493094 221
34244380042 23
11986603621 149
21614434506 151
25448797863 86
37480313775 215
41412662992 96
3283667067 110
caiman0000 56
2725519265 4
12190696485 156
14360974198 46
5006816347 164
6587416793 76
8785111074 44
2561460424 38
10746827014 2
11624309960 100
2317220949 151
9282779459 75
5257246237 43
6141403754 71
6072103147 35
497404984 164
4330357366 165
9022685002 250
11467162781 48
13524531553 1
12633077435 206
6125495553 196
1385321081 20
1853990348 182
1466651426 152
3410164618 93
214451492 31
1402024948 53
964256742 70
10413463113 226
11481457982 21
14424957279 191
3393068701 159
626621127 220
3699044618 18
7260867789 179
10862978871 144
9343213401 208
14636497002 238
2642444328 144
11411573418 66
11409162961 230
1022205587 164
10482211761 203
110258448 145
1307682345 82
492594334 110
14201276088 49
4732604817 214
1164035957 145
12046388439 226
8650136999 153
8283063541 84
6694702709 50
10765973199 133
3401381733 243
14820657953 213
camel0000 53
5445317343 15
19183097635 200
78538929008 176
82080376708 19
35359571128 26
18465020128 197
139159111503 154
74421190471 29
101453610719 198
134200171265 53
135881582846 178
130767503873 28
70605890870 115
82365969558 165
143369449536 156
111177169731 172
71558308010 216
65806307011 64
74324879693 202
106249359000 192
114563871128 169
58131261043 33
84932776683 124
30579690408 241
116992487614 244
72321866674 218
30811762380 156
150072632035 235
112757239593 192
60165334487 29
41727226018 141
47891133580 254
33273087742 232
8529072938 194
20074083577 174
108513563023 249
112914092245 196
18990532068 253
34595787091 180
75004765204 71
10632211177 243
141829113957 37
52149536700 121
61265092219 41
90201552680 50
119687830812 219
114604539377 43
104498905635 197
139204713782 64
15053786096 187
106465649915 220
91625675721 124
54802481545 60
capuchin0000 28
2057103533 92
223608117 152
10765005974 57
922149431 91
8051558038 124
4191521617 224
5116972097 77
6652358024 175
9440794449 231
2955627462 104
1623401256 45
3203720544 92
10737468523 12
3628691362 171
9556810294 138
8522597 210
5254992901 109
5839654197 111
532763740 71
7686831392 251
10863130332 85
6713080982 182
3222131643 52
2295119338 154
5150510176 103
3353695813 182
813486503 194
6355733298 239
caracal0000 44
44234812943 27
35806786121 202
53647263594 118
48711923422 137
29578925248 245
30998107851 204
17347647400 13
71919403581 112
5327778612 53
63675574240 170
52167577992 208
53204256224 110
76409623771 220
30534304367 146
41931348427 242
32335083189 220
29801300686 87
49344004523 126
70076563107 30
26523101582 128
56032152068 191
67724240076 139
20430253450 64
2889454837 197
35822723796 44
23046711391 238
63588102085 80
56557501262 217
73258984977 89
46824339120 33
68466956585 86
2860308641 65
11516212021 196
37360962260 138
45483050868 43
68614135590 30
40253665394 255
1485359595 225
8317478602 153
28232698880 28
17800330794 72
67087614327 39
28954270711 157
59498650623 1
caracara0000 28
7933400412 158
9581296193 239
335701030 2
10644052925 24
2776943149 65
2291060563 23
5916223949 216
13872131482 111
11696855693 25
8538602372 59
4679469219 20
1399454851 221
10150220266 167
14510429603 91
11766626832 151
6516528204 129
12700788680 39
13994647446 158
6061307769 230
13471843340 243
7922303761 165
8774712413 80
14171673528 102
9327454184 122
11173848065 130
13263841392 100
9764475516 63
4899809850 20
cardinal0000 32
18230859956 48
30958550162 218
9065163978 77
8742990891 246
6798774017 193
11362264842 134
2433624008 169
29581596457 180
7870228066 37
17183076510 116
31473769468 18
11239267088 135
15774050021 120
21014464534 57
16596689290 234
13589658688 144
26012174266 179
30013765800 125
29400897942 25
20152634517 107
25262237854 108
29111927245 80
27962271560 50
30461496777 91
1338188960 187
15765113008 84
6471287317 160
21059362007 224
849915286 72
2888109468 125
8792724430 134
31147248893 195
caribou0000 2
18710159150 192
4923811636 131
cat0000 3
23225351305 39
15358691545 193
158254374 82
catfish0000 53
3565182797 76
7357667356 58
4582472823 244
10582074600 22
10327698776 173
5400847438 39
9579005755 30
11682638008 255
1955762472 135
866263687 61
3911140876 69
11259366825 90
11951585188 187
8588871660 42
1974872510 77
15330046801 100
8181980748 206
4704849140 13
2289651720 162
3666649721 234
14457045158 81
2680294204 33
13192245781 15
2741013127 0
5428148004 84
11093528154 233
13653299873 23
2341213440 68
15339082638 252
9521076259 86
7009852776 243
231146150 82
13824379549 104
11679667901 20
1644121534 1
8097287430 122
12684647000 219
5902702912 95
13564406232 14
8660665919 138
243541111 238
2748425449 104
4018314259 46
652529531 201
13518650881 44
7555316932 77
491699356 114
10029455141 142
8315847560 219
12676877858 75
3313685537 149
13266343056 191
8789545957 123
chameleon0000 34
5613770121 38
1861825471 193
2871438490 50
228872523 228
416975192 30
819260425 166
6801334339 230
3950014103 241
6681245583 160
745113370 125
5582016153 247
2902146429 188
7522565951 245
6275615487 33
3257138307 61
1730759237 243
5631764206 152
2568163415 26
1488820522 24
935411348 51
3133695383 219
1530415185 203
5728667824 115
6781183722 145
4779044048 26
2593366950 54
4323481959 98
4537758574 240
6281209984 209
6688334219 118
553512621 25
2397726442 88
4651504020 123
7354967491 150
cheetah0000 51
4005833603 114
262304939 61
1246657807 211
3673028188 162
3064719055 104
2589920506 22
404253849 38
4855268871 76
3720646941 91
198979922 89
558779359 230
3724856139 137
401932977 63
3340558977 133
1483938968 68
495106577 26
2920379995 129
4126486797 174
1950282849 150
1938487103 136
3151728697 34
3347564077 30
4592557831 78
3891946520 88
2604760508 68
1324570232 233
3032268060 224
2018948244 226
32414918 17
3333103705 168
1774026829 136
2003893376 87
3872073152 92
1397819044 42
3477161702 216
2391171031 80
1813573294 168
4977501 130
1477207167 15
4398778893 201
1007614610 15
961145632 218
4946431116 56
2088460857 79
2460452769 209
3940315030 104
2229348987 28
4650662583 204
3027185128 57
2379213135 28
4893573890 207
chimpanzee0000 5
3317498012 123
4697606003 203
2038743409 197
3127223868 196
3171896632 65
chipmunk0000 19
4586367476 240
24886088320 95
14917089350 141
11546293332 31
10634294103 181
15426835759 11
13378008095 226
13400307378 185
8804715441 123
20152748341 158
19169715122 214
8036613803 83
3556159281 139
207808517 13
14795786325 221
20205677764 148
2433707151 247
16259906391 36
3233889833 152
chital0000 22
77962118728 206
17532829607 28
79612065801 39
13952157094 1
71168224823 180
63301328586 123
31497019411 23
53513267392 191
45680123034 219
62199100215 82
74355736451 144
52473987301 86
72344803041 35
49637644016 238
8429020254 85
25856527871 50
33196872020 13
26085291699 178
8915782921 162
44534393284 62
5127428729 56
36596669095 96
chuckwalla0000 51
12875294144 214
4621872534 191
505834615 182
12945571798 172
12299511651 95
13011785180 113
11414612539 235
11276137139 166
5053470997 152
15003245588 226
14330186156 78
3612380758 184
7512408683 41
14286018026 143
11620824347 96
5986452030 198
4528197077 204
12540559157 27
11881160679 178
6730579596 70
5602645708 231
2231447660 82
10385412200 161
12788796862 100
10787297876 203
8925817313 129
7667304398 221
11278697635 71
6101744268 251
9009651203 180
6686654267 180
11087954725 11
14858680003 155
5826061393 132
4134461589 94
13705253824 105
9625046728 21
9095962031 224
4422923828 129
2269832797 27
249885228 128
55321307 83
10000551829 236
9148682826 175
6391332279 223
3340310690 216
6056879909 3
11201110882 234
4764409074 246
4375791793 38
10611924616 233
civet0000 41
180385460 72
5455295806 192
1650502700 125
5007434899 72
5240284111 176
6073340336 172
1713187973 237
4173634416 234
6323943278 45
5573085376 43
6337243400 33
2512967174 240
3246855984 56
3642268183 192
4088407798 143
1316678302 168
1010201675 50
3098232461 226
124181800 144
4291507564 121
750803833 250
1468967900 196
2016851326 240
47416309 43
2910704101 238
5151568924 150
5740670786 222
2497154122 83
1329735161 224
5655161357 11
5623962623 11
5501727302 33
320858538 5
6180476768 123
2009986654 222
601578820 27
1450436671 217
3206283048 204
6463913045 154
3370835621 161
6119737921 216
cliffchat0000 54
92786680921 82
51762070119 151
46013780546 236
3279600439 55
87583237722 34
32808409919 161
34211827760 91
76578864926 107
32987560106 70
45508171466 43
82666639951 124
25977622426 231
41855250185 157
47071378711 93
8152083373 147
23266041773 184
44014350058 26
38801278603 218
53596394548 254
10905614279 82
18046858801 232
58561866678 34
48827564105 98
84819796858 30
76676989721 97
47043857815 231
50983992241 68
17395442120 137
104653446185 14
105467035530 70
62333987116 188
4281832138 220
96984016170 76
6987152832 239
39717747544 218
65635296468 74
26278883280 135
88121548637 132
90579026813 166
82960673907 242
4482287175 103
24189977827 197
32515844736 198
73203348057 95
75010235367 23
11116767464 133
8352192051 146
71301406770 4
36562798387 179
88852573302 34
108181957495 40
101823708213 110
44979529044 91
96718072664 163
coatimundi0000 58
4193372760 161
2156484307 115
7968915461 203
2064995491 131
6555356605 225
4846240796 201
7590241114 216
1810070005 1
7153464703 104
7044616808 75
5085396503 172
202747348 29
4462670261 26
2490495428 122
5597704320 60
3482478914 12
1974034870 9
6153357290 75
4380066549 86
3550625098 174
838164685 40
6246971759 173
4794254857 67
7400275911 39
3575522537 253
6002574825 220
279805386 92
4411000449 27
3228878550 228
4310559176 203
2184132107 220
589956787 3
3463059756 121
5618945035 105
2710529931 52
1331791096 249
4222318629 77
7469891183 160
5275193738 205
1359539013 173
2860765369 247
2095108839 249
228596234 164
5188299868 92
6006689395 136
6540582754 236
5429727702 42
3522773331 206
2428415398 147
8269979400 208
1241194177 172
4437396940 214
2061024222 54
3416315717 195
8113513524 250
4431879704 2
2296622380 97
6120005264 33
cobra0000 50
59351244829 113
21761882765 227
40443385876 51
24676018287 106
49953417971 38
36979485066 122
36450418142 249
52750576175 32
42534545705 110
25688713659 172
2365947393 63
54272195077 39
13157651723 228
7694547348 21
52996302804 58
51292066793 213
37042985085 111
58306607734 13
32364976993 140
24527699943 84
35282257810 106
32509689753 250
41028975493 100
32025912598 166
31069302620 95
33944926290 207
53079124884 199
26890064314 141
53884039311 184
39088609614 74
41214827753 193
34609158981 229
825834794 198
56754928527 252
13944142618 57
52830666749 196
57009093780 109
52476156795 63
59242320686 127
54238222861 137
20787751990 253
36771044872 208
40180160184 183
20057930774 137
13955976435 23
53912946789 112
42435923641 122
32352883718 252
53252611801 187
33053659148 222
cockatoo0000 41
7373635698 6
2483751564 190
18242338282 43
36640296022 0
34966527212 88
37401224460 217
41218009503 3
26796835137 150
6746910749 66
36467555418 95
35580080167 28
8120801933 79
21589869337 166
29290957576 149
26272338095 133
52450887316 212
43042942122 195
54952462963 140
61765041862 126
10954976624 59
7841872363 145
261054562 25
48837086860 232
7850791427 150
13206550711 14
9224636752 126
38692769810 76
12323038897 78
9949194894 179
21532244132 179
12412004127 241
33486942577 155
57690924638 185
17464098915 68
61979241847 90
23480808475 156
61246667139 170
53660917697 22
1019483586 34
26799824325 78
19986262684 115
colobus0000 34
70488603142 187
84621962352 253
85089520184 101
126882779927 2
87796993934 28
112482203801 31
11847074225 254
106964094133 71
74116954085 12
63019531042 177
135306075208 57
61156191990 5
58583627016 51
22074861791 199
90027723061 182
139151327846 32
22902097036 130
77822663364 55
104100720478 50
70796324859 59
62720790428 218
80404997546 112
11437190514 233
119668081802 174
137422076557 148
74584703073 100
97811433764 204
122144109985 129
76422821193 207
100500597819 246
152086912914 135
130597803330 15
95039853852 182
17227236302 158
constrictor0000 12
9317551653 100
22801467616 239
36779717128 78
35515008983 180
13883981187 131
14258673664 96
29802028429 101
37844516942 198
1010592881 158
15163995784 244
37091389590 169
30008881313 68
corella0000 53
12996946411 76
27148185471 58
25150798013 244
6485802278 22
11532391490 173
26976199324 39
5585481029 30
11676381023 255
30361703984 135
208694320 61
21558810322 69
34031232979 90
22345519470 187
31761680336 42
1753627360 77
31033278848 100
5098970850 206
33626600015 13
8174263830 162
28598348328 234
32300730786 81
32471651744 33
23812048507 15
14167499691 0
20128328136 84
24101340622 233
39340864053 23
25643628762 68
10959847190 252
5705422814 86
8722911622 243
20637108705 82
24560167367 104
12205296715 20
30614762272 1
11803494137 122
37879428182 219
10917448428 95
10998947188 14
16474129633 138
26987430521 238
14948045266 104
32758289719 46
25943064509 201
2663209455 44
28132647984 77
25518640584 114
31771315251 142
30892492748 219
16735521615 75
24172140781 149
39465380066 191
4223449945 123
cottonmouth0000 45
542290717 28
1874268114 77
2754115521 172
1173574020 16
1990705865 237
3156975567 129
1071913013 177
128012075 53
758548493 85
378351142 134
420463944 162
2093441928 229
2607435314 213
2593472041 126
1511498647 13
3430655288 9
2197324395 91
3595558940 254
1518579885 215
3663156401 32
4753233436 13
1880358635 116
788619288 63
3121152659 96
4186378242 188
1923102268 226
5533571471 181
1417340457 92
3485327868 106
5074269547 60
4278731388 85
5195148967 229
2810579725 151
4368442044 49
5027609593 179
86032153 195
989519750 212
1110340762 109
922181308 164
2555438402 165
2474115309 157
601335891 233
539830449 183
1342961485 58
643045588 132
cow0000 20
17828935644 10
89815941449 19
13831081963 178
80936645373 170
73603569375 10
80560678819 82
108196517815 119
78951450005 249
62757639578 128
15296417396 99
64819395416 90
119215411340 232
119078964770 7
108039500317 174
90136074593 161
85292493073 44
37001264418 244
105080926536 75
62357859594 99
117691604288 157
crab0000 15
15211519397 16
7466724342 252
4647482994 86
13554610006 38
8503706135 176
11755723001 209
4149129826 122
4224448699 215
4771593223 12
11264818693 221
14843729646 118
7116390496 144
13486494524 45
2186277377 153
14292328697 175
crake0000 48
2658133618 167
3678661497 10
3529717693 221
3251910586 45
3625319978 18
2215443601 20
3872149305 245
4526107356 132
4477223075 219
568262387 201
1951934230 190
563427708 200
3517612433 167
516147360 186
4064033883 99
2089283327 56
1589005485 90
4248176437 186
447068147 60
2260094447 67
1397250436 39
1253621931 121
4761788477 81
120003141 82
710751490 107
4286298225 2
4586864840 71
2277921229 56
3863498248 239
2361345587 208
2338632980 252
2918100119 125
1297518831 65
1106501455 16
396224138 74
2805035506 37
709666137 94
1386990390 163
1579473546 175
1442662057 217
1167054828 228
1771571539 199
2996946318 152
3492102916 226
4854243390 116
3747448632 8
2399569070 152
2268183855 48
crane0000 42
6690325354 35
10115240404 54
12152052174 182
17058180448 252
16625409342 51
29326349753 232
10488588514 222
4720728732 213
9778702750 183
12852491276 100
27877383220 1
29293622931 140
7799732234 138
2901950902 103
18690308331 75
16425057368 17
11907154135 245
934252796 11
608974263 64
25944700642 142
19222564910 150
19901095860 25
28149556602 167
6638245882 61
22996482238 22
39808117534 136
4154348863 220
26799357346 172
30388113296 30
26012812886 237
3644166565 189
24756254221 181
22086048304 25
5066717349 170
32868169007 72
34366207337 62
2047981659 243
16836706758 237
3228212214 189
3869372465 0
25605277305 251
34878818779 125
creeper0000 42
45657729334 204
3219372338 235
46938439759 90
47570143233 25
32981716497 14
7522804655 234
5420342050 221
4144530134 183
8846745128 49
19309456340 137
32765086608 135
43978656503 41
3529000154 161
12803545669 58
10725047144 67
53337938226 30
13073959670 76
39012720582 144
45432462009 35
23174843383 95
34446077712 166
38722175365 20
51123788255 221
34860870438 133
52240845783 202
21178116153 111
40910585672 94
29858475091 141
36829479008 239
51255895398 184
53428333745 201
8736257166 233
9201948908 98
34780823360 93
41599048631 91
2442291088 94
53455668927 243
40205441562 201
47373648591 145
14851439664 239
870884040 193
41092891172 95
crocodile0000 6
11315138744 43
16931774491 249
16894510763 236
79585054740 23
56107842731 9
48933921777 224
crow0000 60
2009126780 201
2563019097 243
151385312 236
4114388190 83
3324815294 10
239766802 193
1273669413 240
803207055 106
2638154292 181
3659455182 178
3052507066 245
4351785279 184
3584810944 34
3699001212 209
4560913541 74
2226214579 229
2167902936 58
2396308490 156
4539392897 68
4334070060 33
2904516519 225
1986178111 22
4159450897 44
1211479049 162
1791137263 5
4111381108 166
2193075084 173
1354336111 136
135440934 163
2016186429 108
664581000 9
3375296937 137
478056748 159
4458750500 8
640683802 182
3125993776 4
67327695 106
4527113357 187
1167797382 124
550120550 52
2847642124 64
1865864898 200
1862875828 147
3816673076 2
3441937317 134
630515153 53
4139764141 161
1899514468 108
2539231500 247
1231431309 70
2737395791 69
1580861297 44
4554640149 48
2315066413 46
2670460492 191
637815130 142
3405561500 15
3968140642 129
1478373179 239
2446333191 254
cuis0000 33
11576582485 197
8690494487 209
10333875861 137
182196811 161
7057793266 242
18366469158 58
14611306885 29
4672839736 236
1319393682 235
706816867 243
20557138980 251
17141058327 219
12447011721 230
1892324402 93
15114557823 64
15046442406 255
2941553531 122
9753880586 93
17856079920 39
11675918114 45
19850284092 99
11564815765 41
331499581 255
7370035332 196
20182901922 203
1571642710 96
8532333040 202
77413600 36
19700428343 27
9783355467 132
18215020780 78
19500478392 199
20082642069 205
curlew0000 45
14115550175 248
11082076347 133
1255483550 234
1488211898 114
2527014984 114
8220229098 173
9829446009 130
6018492919 67
22520455729 187
14369469663 191
17549839230 12
184493859 196
12620433114 13
3312586680 181
12052291749 51
19181514447 146
7362017134 10
15460269826 12
14746198099 153
34484457 221
19064313056 69
1289483028 171
17518536266 236
3364191359 1
15509306771 44
18044288158 126
17661185356 242
2398702437 12
6647534775 26
22942183385 65
6102202868 55
5525016945 5
12274788027 24
21368571444 195
4936360430 144
14772531482 100
22575190168 196
14313523025 123
8425306387 52
3602780185 236
5797252657 118
20651969491 18
11166101941 159
21363641371 229
4789011988 213
currasow0000 16
15340928561 178
7979943976 218
7259629729 119
4708107079 3
5794233753 232
3307421660 234
5532086279 211
13500454708 158
11395077732 86
11344812997 50
7497073496 214
10026614795 59
1560728434 162
1894558041 21
12995923311 133
1977702435 203
dabchick0000 16
6674640506 38
4820061368 143
3248097858 45
3507779815 55
5155060633 60
1062231984 27
4552761851 169
7483933106 109
6805240639 110
7535171908 117
5148278321 118
4977124333 163
2218759635 193
1484537783 189
3815282097 228
7005349684 184
darter0000 28
13821271443 214
9847271982 63
3102906555 189
22039530742 100
6431858803 189
7048828 39
7361817356 96
11380774111 48
20702141335 6
10188386875 226
661234292 78
18966145029 59
18905742292 120
5431213568 53
4968196707 246
2480074645 78
2568037791 193
22879219891 52
16159329223 23
2359367733 125
13824419424 5
15148639986 244
8978875351 15
13778688266 170
9887094660 51
6810628491 30
563698130 19
16272902149 47
dassie0000 38
4862004691 21
6424385669 176
1571264247 103
2061000785 106
337566756 43
4326711336 55
3904284864 140
3968712898 226
5005826874 173
4566639390 26
5846764208 101
4951052919 171
5495693565 175
6250427393 176
1619691510 154
5848387249 96
144913339 140
5194245805 210
4875115673 52
4999305097 49
3481069317 27
1287229563 201
814375433 239
4831672030 210
4153477055 66
1949890798 106
866709490 93
5786466380 225
1903813731 130
4738605673 2
5459799319 109
1259641974 28
5553046723 178
1344161119 155
6106427905 208
1969863518 10
1685634737 246
1630627540 87
