reindeer0000 32
69744430950 232
74423729679 255
15875512706 2
30499373096 254
25944293497 174
14303153326 210
52960485985 227
52054497852 85
69146967695 60
61734075561 38
82835601220 68
54806902980 210
21284300532 187
58260704371 177
59372457271 142
37768709219 216
34076730980 147
27030323386 25
3672948853 103
18766192037 171
57943814225 165
6488149328 36
1527724957 157
53530215279 218
9886049636 87
1565775489 17
1571476799 13
65786044879 31
14230626508 143
37719557978 60
66667225912 164
55082689174 11
rhea0000 9
1738679793 224
4736672663 244
8123164800 120
2034208601 19
3101723331 29
5066413708 147
1612521993 107
8137851404 245
7103976663 193
rhinoceros0000 28
150185992667 206
51532643640 81
126311345799 125
117570894480 192
43229258031 230
8069550586 237
65227431098 52
149551746410 179
60567223862 42
53774680689 5
150419726212 8
87986768885 193
98197312993 110
55485861224 145
129890925745 18
120299942953 164
73801183551 70
160322563627 143
37956767175 92
10634574309 209
34214451698 172
130196520426 244
107083955749 97
151163178809 222
152994400683 13
91103089927 104
160981200618 23
81858711416 111
ringtail0000 51
4822548600 203
13586444634 30
20914767704 20
10821124948 114
4186674828 78
12491357427 72
2810188949 224
19614280430 34
16990468419 138
24864077708 177
18252034489 214
4750852547 154
22812952107 109
27258207099 23
34206254736 232
19744946829 89
4466536951 11
24226276640 10
29588823040 25
33245958284 208
12546783869 67
33394286420 82
12524900142 181
34887607597 223
3266897308 170
20310084025 71
33422827651 152
702613207 199
5437854839 209
10720904469 172
28871481966 15
17728952236 61
21093902299 9
33646563589 118
18113553499 142
17660117316 215
34580068883 41
23570871611 13
30341513214 102
14041752972 252
9596560638 238
17507992093 68
23563493701 128
31383854101 1
23902093333 23
4075116718 27
4123329488 207
11565044788 50
20834894440 121
30978905333 131
582110845 18
roadrunner0000 14
6934211437 215
1714455525 97
1621284964 189
7188269476 88
5989640339 86
7583610871 128
4129677545 173
3684388057 101
2499967509 204
3742200881 77
7425555366 193
5202920186 185
443189817 104
3282235181 180
robin0000 52
7680654264 85
129213013505 222
105184831783 104
70352194874 47
24959574479 190
148471822594 50
92201501164 46
81784273837 7
97698498352 215
80033690371 179
97381763656 205
12941277141 74
5091028988 173
82099440222 187
133055851603 147
146983931201 84
84943202927 175
91458539772 177
4522569359 180
44297912948 148
79704403124 63
128658247054 131
81805883153 220
118759040266 249
66119722521 94
106609993487 203
48552122200 214
46828017936 12
93965700922 58
125690008074 223
24959197771 160
54863171303 108
103811407784 41
81857941704 132
100623445674 69
87742468908 21
5383929788 222
107640504862 243
103363338142 189
23485485622 161
58241065584 117
41028090404 255
118868545416 241
77235282715 101
82808002858 219
14184117680 75
98139680590 66
97219693627 53
135051508697 139
120298147187 143
93608295709 232
35695056305 64
roller0000 58
17148214932 154
34431719142 222
7859626157 6
5851667220 192
14465386590 126
22187697387 184
17204213832 173
5344428703 235
69709473046 103
77579763940 199
71944799041 80
83650162235 89
82047572035 6
27101665529 81
53019128398 123
82592637189 88
13361663334 6
39840945011 210
2000925675 74
29580968504 26
5285163012 240
79067328731 16
32091333694 69
9095961265 13
57650168331 127
17678350225 77
56820131245 191
35670234469 153
11389725890 1
72995325152 229
59023656773 55
23296469974 174
6771475091 37
49548351391 130
33648676192 25
23232032740 225
82145377865 76
11041521749 107
20994520565 226
50207213634 91
3845173301 24
20171865037 177
12104512967 64
80723274062 207
28099210815 221
46417021548 29
86021756448 7
43779565855 209
86942369760 69
4537483654 53
89740654297 92
34530799362 67
54759057221 139
46180658076 206
72151763339 76
47001313377 254
7496606817 173
61268755952 188
salmon0000 42
4351290762 198
225991213 19
6126534686 94
2953575207 8
178629361 64
3521147930 207
4304819792 80
2664402726 21
1529442057 4
3334573682 231
6051805757 144
1120240167 187
3756421042 217
4663964612 49
596893317 22
6681877331 244
5194180598 30
729458846 174
1759819767 90
1933603659 227
6055669858 159
5708697226 77
4216831076 29
5233853152 102
5347524375 157
1863942807 44
4051619837 130
6413381929 57
2546302366 165
4976290236 47
1516254988 94
2515966327 219
541319850 91
6669709090 158
1412611844 99
6738300097 187
5168514165 191
5477936132 194
4101047505 127
3984153893 229
371775251 57
2535945785 4
sambar0000 31
9416037197 187
2346772006 22
17419578949 81
20690906587 224
3145629502 136
25132262171 27
26728206635 32
13531618167 210
16197266397 197
18735295940 209
9812505614 131
33255656079 99
30317138435 39
5364338977 218
4769255542 252
31671780583 13
30250409233 210
30031996152 239
29004664283 112
21425893994 251
33311104149 110
15204394006 181
23537379940 190
9619339923 148
26643328656 170
26576402251 163
5047450133 33
14984355078 161
16670881269 231
16391692337 114
3174953228 143
sandgrouse0000 51
2368194000 14
2846611072 109
6115123425 193
3283309430 165
4057364409 0
750822330 67
13305989616 190
9452881953 113
4902778816 178
9876875931 90
6433787516 226
13297992115 236
2158110213 189
1445580252 252
2885182932 64
12440966098 196
4950059765 213
7430756172 46
9053790793 190
3765182274 229
3566498341 188
954559469 254
14479163850 141
1936065257 127
1668214298 129
15174114783 245
3268616096 128
9530570975 47
16426754733 46
2850249124 112
7996773464 46
317237991 177
14295305658 167
8067712719 230
11477169911 160
12075301400 45
1549531579 56
8574875428 153
12809731186 205
6632400711 113
12707101394 71
489458579 81
13369383721 95
7390588166 205
14710849913 244
13797496291 216
607064947 223
782689410 108
2188029848 34
13213025136 154
3527206989 94
sandpiper0000 10
41192716052 217
47067510452 153
50787064862 31
3577627824 38
36348265451 71
26353670642 251
5842724175 233
12149695880 20
34434957590 252
2040997637 73
screamer0000 35
45191371270 37
6586186432 1
33307413657 180
20802766870 203
55489285723 163
44212066713 173
53443656294 226
35466521943 201
3527270548 237
45647128583 233
2166445864 3
32122571997 22
58043389707 115
555349499 104
41903241821 244
41444409909 175
3464578284 176
25015902304 179
37073205065 8
26824905636 53
50503316476 21
48641331967 5
11719444105 167
48663761544 54
2764656914 252
43053586711 88
29753488074 44
27606708972 195
60620193012 110
53593017030 216
7646344158 2
31094854849 134
17633916727 180
5509297175 233
58371726345 140
shark0000 56
47515998042 156
51240776123 70
42704385416 110
27602891129 71
7343938362 99
58549040365 27
29629117764 210
18612936232 237
38513271558 136
27226460688 124
14190518079 212
8592240432 86
36081427769 238
27769282018 83
24175969991 99
36987979155 95
55968736059 66
48602706490 114
51839812393 61
54352513687 25
51453376681 147
13539320654 195
37128557682 83
34337183003 96
40352604281 102
20569119950 94
49476476338 55
7587849606 140
53198967180 235
1227931630 168
16121738096 52
14855086985 223
59130638477 164
51567150183 176
53833718220 7
10824388875 221
21385494894 34
55300345059 224
40364257412 72
40534376063 111
767719731 116
31954229405 235
21814681585 75
390883794 229
22880760882 166
49175288071 210
89823997 248
21289884929 34
19863959660 133
24432991588 72
36242456840 184
32073355106 41
26904282756 239
1301267750 231
49015067562 71
8477148166 62
sheathbill0000 52
1473021530 245
61607829 109
9205408 47
3660836823 185
1522198482 175
1124904039 37
2344694180 39
2000824632 47
544524195 237
1299456545 235
163501317 230
493268222 92
4904397156 149
4949959248 232
3985477490 46
4389094376 137
5095865834 175
489434673 249
1894974224 41
374542833 177
230211093 110
4592321750 199
2201478507 177
2124188967 251
752370243 33
4109090406 101
2281518883 199
3766865583 237
2577555365 215
4119729647 86
2193293132 164
1791988852 27
544233381 230
3741160301 171
2372068753 40
1152619271 111
4526014029 106
1082178145 28
3414795028 196
180836288 177
1307412136 143
2879952017 171
5272588180 22
1015080804 247
4357017681 215
3540362795 88
1732429743 162
55157626 133
2315690675 109
724376299 195
800647535 235
4734798941 82
sheep0000 20
6465309328 204
36235699355 116
740114980 138
1555658348 99
35117663044 81
17128516035 3
31612640674 76
20278683886 228
56669925481 64
18450886016 93
33036535965 154
53449227130 232
10915960709 210
57229757504 139
6376114209 36
23740996632 170
27898508757 21
6247933523 15
50072046621 63
20648694544 86
shelduck0000 41
11813559758 6
14910953697 190
15481542442 43
395533985 0
3616616342 88
9749999749 217
11824982119 3
8624348079 150
11139842213 66
11590270928 95
7341438007 28
2108783776 79
9759216381 166
13200869200 149
2284419075 133
1011692657 212
5287105512 195
4180793122 140
13325193218 126
773341172 59
8632028605 145
1069099209 25
13426600816 232
13100426146 150
9305760403 14
1981067485 126
14816061322 76
14570692404 78
14169853080 179
2327322076 179
11951273151 241
15008062204 155
2815798668 185
14680662790 68
3318041479 90
7870014276 156
6004521413 170
6923083976 22
14118430478 34
8240895322 78
782535808 115
shrew0000 62
75438932946 237
77184918419 238
96784517143 6
149021882159 199
178473414458 203
26643510340 185
32656081873 252
163558752098 214
196632844675 79
18950738621 65
88993280968 50
163382782116 181
135052852699 216
98053851979 66
141808549103 133
75405581714 175
92980667537 39
8539650691 139
85854075313 232
44257427101 132
212272429094 75
70368799838 60
163040781352 59
104911491860 4
211997964550 223
72049955564 50
146071605283 203
176085913211 190
58034062568 172
80981437098 165
151936244123 22
107283290700 32
138587479235 136
104535692965 80
93925094933 165
78382132720 198
200875168725 81
189688137656 87
182449493890 181
111655727162 113
9270930142 208
180583400604 50
59077072421 6
169780585498 189
44325184547 255
189155205610 241
196387479132 33
20306442818 236
189825200996 99
193595014127 75
95515857418 184
132658546419 226
10627052242 104
25305514185 94
117668611841 69
54282405559 155
112859134024 244
101183297193 87
70560127878 116
109588484611 111
103638620449 136
148438710095 200
shrike0000 8
23524769011 80
33374614951 142
96383609749 233
17366756672 128
30663411183 199
13780411292 140
143607870366 152
100943811780 221
sidewinder0000 56
3844961248 134
13987209958 160
9572347988 15
15789197435 249
16210399000 81
12090775852 145
1108548885 202
13124733520 255
5273154559 183
13902194919 40
6544509977 38
19799983108 67
8315648981 78
7870516708 49
5019346866 113
13842628886 176
3445510818 239
535688859 109
4867522548 245
8637365279 107
4687018567 98
1110031614 255
19614511012 185
8355414671 198
8345412633 130
1995902713 62
5767006693 73
16692820917 250
3533371226 55
18396311312 148
2634103558 51
5011714116 91
10254342759 247
9092876561 58
12870680076 249
12697023953 14
18720391232 88
12924210883 170
1370615286 20
3839079613 217
75483076 9
3697747713 119
17184582935 171
5404680456 31
16343162512 56
12562358139 174
13087789561 15
11141656817 189
11940067866 156
16112938725 190
3561210369 71
6398718981 202
11911411244 158
3102165340 225
16505869896 42
2621996383 169
sifaka0000 42
30007676074 136
33919377593 171
65778737767 228
15468429807 140
15680304135 46
24308938575 166
74033654409 231
22502900098 196
1978414597 133
30513343017 35
66748452493 127
69745546351 196
35438435941 185
17365257022 61
68379594506 185
70404314018 174
75047693768 104
726506512 156
6740093867 81
67484112333 71
41871646977 37
61889348425 160
3605427517 36
61762293094 92
11899549408 209
66294040007 113
42289883994 21
22500789550 14
12928760548 113
2668200396 34
40705739946 83
46325810735 245
65798362955 8
45534302381 56
76335679570 61
23805190671 50
22686880702 136
8625229588 32
55927212542 52
61077563923 230
45763189574 127
67719174616 127
siskin0000 33
28964864105 171
47127447699 161
29177651785 168
70338631068 216
26937416983 4
47966748646 251
997620447 141
68838778011 77
72477101523 221
43788750165 72
68748806188 127
38981504056 127
25177708864 207
30498448568 10
60119868860 14
35223131383 188
67545416029 187
27810149745 89
17393668036 152
41688503911 80
22460760281 191
54236127330 137
4711868223 8
18846209471 150
34080373993 140
6309303957 237
35337061398 98
46698421321 212
25526408137 101
54305816456 222
11885806617 132
40943071920 77
19454680081 173
skink0000 5
20621857233 19
30676972094 6
10611815993 169
8194845446 36
34897107810 75
skua0000 33
50374079 197
3464011648 209
8265110197 137
5879028360 161
7851768436 242
4317861667 58
1281624599 29
4066294148 236
6417340977 235
6980511412 243
6780047288 251
958297868 219
718818322 230
6265208886 93
3982370813 64
260345815 255
1874969055 122
2736646406 93
1067706928 39
2122380904 45
3176404185 99
6551457088 41
3099138369 255
1206488837 196
3780688687 203
4180217908 96
3387166692 202
6071352997 36
353524593 27
8280747232 132
3526903415 78
7033783454 199
7492371754 205
skunk0000 43
3962430321 122
10527122467 180
428540305 54
11892096790 6
4641781213 6
736704833 54
658251326 199
4878728872 233
10428656611 219
5341526188 22
12646823348 194
5555442809 211
3779488083 210
11376549282 215
11574339637 69
5296615044 77
4229633681 149
184891896 77
10376666866 186
5266241312 154
2806617936 157
7526708080 28
13291368019 52
7795517801 134
14283034237 63
5900957302 66
9516552329 20
14151877127 111
5768993073 176
3705651971 116
13161977885 148
2587655331 254
3053513571 144
1891917805 164
5690864604 135
9620425269 100
2255743535 53
6567260484 16
7195253725 64
3235633721 1
9163822675 243
9021344612 211
8330048406 10
sloth0000 42
5723778830 230
10954133094 181
4290690574 21
9044688568 19
19555746104 211
15840086376 189
6580150618 160
7509726776 93
19768233366 198
8297299258 86
22113056198 29
21709841297 67
12717482724 244
12905122444 51
7377045670 67
28468587769 159
25913768437 43
27079209954 191
21524893624 59
28344487215 109
32496482661 56
19592926698 226
18009979525 141
25657764019 74
10187727388 92
4850415169 81
14817949623 2
4526745500 123
22846163374 245
2169892905 213
10148774822 60
6219369029 237
3299950198 192
6187321783 194
12942605799 124
25739234009 59
19668882716 89
133558564 134
16180846867 146
7330676053 198
867787262 219
29642028246 2
snake0000 13
10781875019 206
3407152350 153
6628744933 70
4126258360 16
1009823764 74
2765067854 159
9456406333 206
8115271194 167
24020266723 116
12605044785 173
24610663986 179
25690954730 243
6423460926 167
sparrow0000 11
9013470972 22
11199079194 253
770418426 151
4734776045 212
2853540824 23
1199993373 201
9939847563 111
5478803554 36
12005326950 30
9782692587 215
1084153446 191
spider0000 48
24594796623 25
26634005500 33
10054766182 114
6804216389 207
21051386895 221
25599249199 227
11309052533 243
14522811140 57
17549643561 60
27217488732 17
26986355109 226
27506793814 243
13295700798 46
18509344860 37
7311586623 130
23459668780 27
11820732468 179
14592556005 240
25282281258 138
26548817582 138
447041561 60
9750224456 66
6965401269 4
14901631914 134
4642990547 255
19959463409 3
8906391514 58
12717095400 92
18315780179 76
17922378179 68
18344435221 188
14888693395 189
20738362057 99
13790659692 178
26410226777 215
26542647061 151
4889384454 231
15755851183 18
21897133263 29
24404686758 173
5002264080 26
20291694074 162
18170837214 39
13975808520 46
3738833367 178
3365447612 125
12420248403 97
16714396019 160
spoonbill0000 60
18110886929 126
19991416245 252
31497604181 54
14698163577 120
22128566201 74
16619449249 245
18385476342 18
2654033181 4
29272134321 41
14699560874 93
2249787294 141
20110807295 89
17485576434 100
22407040259 179
8745646986 182
15072488205 110
14435246416 154
32744454282 40
16916262527 250
28326391496 206
14401920550 120
4664532375 60
8378545796 86
19864517150 2
27928136743 201
24753221669 205
19953868089 235
5277622150 154
6051828789 191
31841898389 210
18067929171 208
22003771737 185
10299294465 146
22634715693 127
2669261476 63
29627340464 102
31697075485 103
12382835030 154
30901371939 228
30619795106 7
16085062104 94
9564441718 175
15800961173 69
1090592699 69
9072095440 112
27042907504 189
30109510782 222
23812731447 231
31362882743 168
8432575957 171
31741703364 18
9471276944 188
24647947137 74
20100073124 119
18125545279 106
18658485947 133
24208029123 44
24137119842 9
30836536138 248
9506804844 179
springbok0000 44
6749125804 167
17881335454 182
814829780 160
6436201760 111
2222274689 128
3346658076 177
2999839221 253
16791202720 228
112683420 224
9889837629 77
970662590 219
628776190 234
17915353745 50
10822855613 68
17024263344 108
4182756024 95
18303360502 38
5124715286 103
18076345063 43
17737372621 234
17455912677 22
9057174656 59
16159732689 245
16809118897 205
895821596 224
6979174891 105
6769137219 133
15258285819 41
826951203 255
13892572536 119
13381261147 12
18793158612 27
7838611787 138
6179614114 144
15721684146 110
8247589462 114
11489271650 69
9216123240 27
10550418384 129
19272550653 162
680503813 77
5747750856 160
7741849333 53
518083717 144
springhare0000 19
52209242042 39
84176815249 228
14621208463 42
72866954249 247
83730054195 204
56225980229 89
5267470543 255
85575263131 187
15754221700 117
107744537144 160
4091525282 248
107677122922 0
56555900862 117
20584494339 87
106820499353 238
11616928091 189
65754486715 33
97856275715 72
90523803299 103
spurfowl0000 19
51750491084 223
72814201783 216
134501775127 252
136299859954 95
147658604692 105
30560823510 253
61502147524 111
57597854339 184
90914254365 95
101954401975 117
116962987070 9
27174460335 119
110726681273 77
149167892442 235
22664456956 183
49560049543 5
22952360304 123
149308329682 28
55600049233 102
squirrel0000 61
10213702196 235
3195055139 65
3426105225 250
10458592143 92
3792353550 72
82263604 247
12117411078 139
9787343931 147
11495649222 117
5566005934 6
11375326874 177
3509483880 202
7465667503 77
7888600242 74
7613967081 183
5432185372 128
13537059743 35
5543721856 26
6655889086 15
5024273012 104
1668988980 235
4776118875 89
13106378485 210
3370482123 253
7555901698 197
14040746703 143
12282832169 64
14021213284 181
6326561846 131
10672258786 198
145424701 72
8882230632 111
2689186437 68
11476487339 181
7659812531 197
1882665937 181
13770074247 232
11709213674 190
1665266372 69
1039584303 190
4056182801 251
13520976890 26
11361812467 60
14000108117 85
10579659146 124
11560084726 226
3423335020 207
6344326944 86
1658593062 117
6833196880 156
816894058 63
13403331166 66
8589066377 9
1272059944 224
12113514099 229
4207222782 32
10019389190 100
11350288448 226
12534908864 182
7794231402 123
3514387335 7
starfish0000 54
84926628685 113
82405967734 186
63198082061 218
90372595182 63
33838785160 48
108247359485 192
91344755828 78
124628132689 41
22864927560 49
103681063712 185
84344794161 1
2319752282 231
55981935430 17
135481647832 190
100631048018 39
113141717648 73
62854299503 45
154863732950 238
101175416228 144
125722989930 158
37137913630 48
96312113013 188
20828688777 114
18386647735 187
128427504230 188
105267645643 228
44616975881 84
100963923543 163
91993429018 128
75067661436 129
121330771210 39
139001077414 217
106061685470 123
136428617305 9
70389954446 55
139687231545 83
66711282101 221
114823983098 30
23023288955 189
144731439268 200
142377938985 150
60437120554 52
5195370947 44
3897292248 113
38335287986 202
90364202743 1
124031656710 14
100192366623 169
875008313 173
47680396915 180
121650584659 190
56388594335 246
22755140561 207
31651722294 49
steenbok0000 33
6736576165 54
2089194720 172
4424649304 22
18818321594 148
18392132071 133
23944260842 24
1937415207 197
19085968406 145
15808595393 33
17740374904 70
19830049527 205
3681608527 106
2238928373 249
23152176108 15
9921800989 250
27709680218 19
8716179205 244
14278344688 20
9827239570 138
22854858382 38
100685445 109
22948840267 53
15832205138 114
12712378075 223
12518810152 135
15431804394 78
18906044215 10
7480076946 46
11698951158 86
4510575169 219
26629723936 118
20353115926 17
27114404058 39
steenbuck0000 33
36250920281 243
56487791843 66
24940108674 209
16422504946 233
7319732337 144
414771914 102
15397181125 117
33481782265 153
42409817485 201
14107496309 18
54511953931 110
5241329182 39
49881616678 253
17255436540 247
35540721504 2
20186120007 252
31090523183 134
5168951030 157
37411027736 105
19946424529 237
49916201515 216
54283954326 123
31271086439 180
27028972047 176
14171948029 6
2200549649 220
40041289258 117
9742166128 164
21760335190 215
5398408289 212
22932395595 190
12626354504 11
4413172702 146
stilt0000 19
7251785878 219
8070766526 215
8950423865 3
7979210013 146
3639045314 9
6150843376 65
6683221686 191
5760164513 69
7836306013 29
8022754520 21
1868309657 141
4938256729 83
2998576309 56
3223900410 118
3608232882 57
936331134 36
2897749087 61
1276305133 197
5764545531 120
stork0000 38
12926256079 145
24262212196 175
13643327130 157
30930881151 209
43317546752 204
7939491123 210
30458151994 24
14936253318 142
44953353319 66
54309671964 51
41797770239 204
23339772536 99
6969301166 90
41708656289 245
28806236028 179
59023971008 218
12801379482 123
61671617840 10
2015536516 46
39336142082 201
55649593686 75
49626021885 122
57035264473 251
10248882239 177
15817175417 175
52319663649 239
35367621898 202
61738077426 191
48448026670 226
54464528392 222
42925493060 14
46305113902 110
48577939676 207
18993885136 106
39688884307 164
61663197021 81
10499849664 2
17236363869 27
