opossum0000 56
61117783812 25
47996870318 21
70422060308 252
12842566337 127
46890421299 143
38557073940 131
34536354034 70
59991388575 236
84948383529 58
51706632915 233
89011106141 30
31669483728 129
80749633986 0
46502614476 77
51830218474 131
94143957108 244
56340951437 172
41309683563 82
95954840018 165
33384151979 63
72253912417 166
33912161188 64
58348505826 161
27540934523 58
51981637808 21
353509549 132
49707776096 252
86779529213 30
67071157879 206
17288555839 13
2575855410 34
35799985850 30
21660808905 61
28803374813 222
27321902752 107
93613996624 183
6721966636 95
61442876106 225
65524607172 24
36559740042 165
53222306670 60
76412281770 184
16579792666 31
41886984719 125
16022457563 186
17588977343 228
40016909792 89
61074088613 81
22399124373 171
52813760802 243
40110957611 200
10310077183 85
3564078110 133
1755797597 23
25596509701 13
57404719257 18
orca0000 4
2230761890 180
8640972631 1
15540565250 85
983627532 141
oribi0000 20
4128431368 204
186470103 116
3113764380 138
515773287 99
14395267 81
2967851785 3
5399126982 76
338689249 228
591028605 64
3047471316 93
5333169602 154
2550030699 232
1982719878 210
5846937894 139
4364855367 36
3915011039 170
2511456170 21
5413366146 15
3594832873 63
3226341524 86
ostrich0000 28
19234674651 88
47259765390 47
1182360234 224
53429547904 206
37978838662 185
55221396840 4
38432636707 3
32198209430 170
42586681021 211
54490749095 202
34670789236 71
22394461094 18
12216065338 154
25807114078 62
60376115999 99
16940560597 99
20261288230 161
46104815660 62
52032262886 2
12832466073 218
29869752796 191
13577852784 165
355997204 55
72529449676 128
70425406815 91
4250875198 118
40337692196 196
35492006042 217
otter0000 11
18124336669 141
21127107834 66
5455501486 138
4740680583 39
12618752286 9
3476445086 65
32414419673 167
10865947928 123
6819535511 190
28940347384 24
33232736926 222
ovenbird0000 4
8570217082 235
1462147431 43
9285655830 250
8697965001 60
ox0000 44
5747279732 233
117801222 202
4613839167 80
5788566023 67
141227417 192
5215422170 210
9555628532 32
5750516700 215
2711136335 159
1843845043 28
8266189902 196
4254645961 253
4333477294 62
528023301 205
4741884453 63
377217256 62
8590767487 207
3185171819 205
4669609475 159
1742193373 180
7348415611 228
7526985919 21
3730919846 31
2890511499 16
630115840 55
4398299728 97
825857607 89
1627173226 238
2513527084 121
9066581549 114
4901225592 78
6253800327 86
933211592 68
6622200465 230
7531864693 249
6824624730 219
662874480 143
3296810592 110
2422335592 14
6956863135 37
663176475 104
7132706683 204
8942201332 89
6571312140 223
pademelon0000 22
11059392542 96
6702849860 154
23135648422 118
22409262012 11
16779535622 251
3778842856 200
15075386397 12
20298583599 37
21030260650 65
12983135707 155
2500183561 84
6867201498 26
1681003689 140
11257936223 187
23230804880 162
21525172195 10
17066937091 13
12964894441 71
9443710279 28
1764973848 227
15595769451 150
18407232329 74
paradoxure0000 51
40273105772 14
14477993459 109
19866890629 193
41937973257 165
18019390523 0
147614300 67
20233906902 190
1120881873 113
21866403300 178
50232127005 90
9575413480 226
26095232331 236
6499500519 189
39224092391 252
3015632348 64
4911695545 196
32017343265 213
1482572851 46
12842790041 190
12947218594 229
32437786763 188
47825439412 254
38240416062 141
51206712672 127
30988474242 129
12988955690 245
25975607606 128
25621558281 47
20228155779 46
29739628114 112
20434647956 46
6867967091 177
14024499860 167
38002228851 230
24687847793 160
25283485829 45
13590653779 56
36610387698 153
41909571992 205
32095473780 113
6468559890 71
42059863738 81
478091409 95
18543585075 205
22146737361 244
33445925531 216
40388034473 223
19085819998 108
5731416582 34
1065800233 154
30523462725 94
parrot0000 51
3960446454 146
4396128318 103
1976443151 165
3274670855 29
69256722 105
241280390 78
5363549080 102
1261003039 234
4041424137 32
1415482898 160
4698079182 54
4579412546 187
436475448 242
5059832100 35
1388816105 229
3088202449 82
2566611729 203
326530462 11
2221376479 116
765753057 97
1952093753 75
1052572209 3
82916263 89
1049124071 197
4120510146 109
5206042390 201
5237002560 57
2663752465 114
4059146314 192
2937466184 241
809227701 169
4485727201 25
4290790177 209
3093216365 69
1398928314 93
828507355 98
2574687750 93
1742922531 214
3820314099 53
1490025452 191
980730191 11
599286402 230
168939740 175
5242056341 179
2001589973 81
2194346658 61
2016157200 253
610822832 180
1495578636 157
2038594113 55
2859975270 166
partridge0000 16
10010657822 58
7729641675 3
2743003393 33
13170417438 197
13939127071 0
14269490395 254
7872883857 240
11556696130 34
6439585552 33
13783066499 174
14921092909 21
8055662875 191
5270270642 128
11667942766 33
2778233661 246
11289697350 94
peacock0000 25
14973574911 21
5733751331 68
11551217392 229
13231597491 226
14623016098 242
16374143178 76
16786694363 148
9570002409 126
11179410945 176
3737479914 51
16994212425 210
6946209266 111
5607149036 142
14731318025 75
16457418533 182
11003809989 242
9735644661 10
8419311833 167
4705782485 21
10751482075 237
9216040928 50
13438677565 128
8711462617 28
18163804496 7
1314104479 39
peccary0000 39
17236122080 127
15512603769 101
9096629541 75
18522382898 52
2962044955 60
1702377590 225
14267422257 89
13254082668 50
21900927160 4
11534452986 83
8325047830 51
13308546282 28
9834291206 108
8116323115 90
13452927332 73
3780924876 145
18004705720 212
4592317225 196
6663613881 127
7610117378 113
170983291 239
21269456678 90
7141670099 203
12095701689 243
19746914630 99
1353027301 167
3719433815 51
17470363624 192
19582566452 252
15915708749 194
11392403228 74
11238159990 13
6701348644 238
6779628141 202
14032786237 168
15589748916 105
2481802840 127
15812722586 42
14494951233 157
pelican0000 61
4637852336 48
6078816868 216
7462454536 100
1383969165 233
1392135252 166
7539885233 87
971133901 48
2904864910 11
911063201 185
1890531978 174
1250176013 235
5714445942 175
6895833584 141
5854309978 32
834159155 77
2008131750 137
7472784198 78
1101279477 228
4214260644 43
4203780828 178
115837055 144
1780162018 34
3685097415 199
6238150925 250
221430333 39
5167491062 242
5086748553 112
920235468 94
7377722494 232
6694704315 167
5926316704 47
3106663819 191
2633252156 29
8016883057 214
6737866344 80
85767089 100
1190958444 255
4557913883 107
3862321364 245
2874815782 17
4762446823 178
2305349518 145
7865414318 208
1158252232 107
3122866657 65
3632595336 160
4079197370 210
442628631 29
7395312088 130
6568422784 120
1125191693 44
4470047401 144
1977336167 188
772494090 209
4006025691 12
1433322689 82
6663538331 118
6624492627 1
3582764543 126
6700820138 76
685353356 17
penguin0000 15
44761280085 105
48852416910 84
27967402643 218
29816871973 248
15402351380 75
15337073853 250
71729844582 197
55220928820 142
71304103477 33
30112242870 29
19077494524 200
69502837621 228
59907478568 31
52745532429 31
21507079491 141
phalarope0000 62
20876342232 164
60353268737 198
1582603779 150
7733220261 165
65521704386 216
94018174142 132
108095905798 231
125823976500 123
102160667177 95
27996299864 155
34192165237 2
44490322422 49
87306313 70
64989154927 1
26335903571 209
81708517611 227
122709187991 106
43566802551 142
66916635623 4
79589472356 138
42379341698 42
66602102697 71
17156711070 182
6177813164 98
106668648002 249
41683181137 237
9258346537 202
16411373356 159
112827618649 164
11950517415 103
56387493244 13
81759779094 71
56612038534 118
42818197649 6
13816214247 47
120138198969 14
117476681852 158
31215809155 188
12019192468 174
52738150171 55
46150179394 32
102401951625 247
73147622246 161
121007968357 96
55070451600 70
19283074854 223
120471641003 184
86839256797 244
69635889146 75
13040269594 185
101463457211 31
87108958594 91
106294010009 113
48022416301 137
11042666281 10
14764714711 108
128114925721 112
68334999262 168
85294979170 231
127400583802 221
27871725509 163
34699060033 73
phascogale0000 2
18887577855 103
102602996262 169
pheasant0000 25
3221133589 115
1716642771 244
2507164734 185
403499630 241
1371034115 81
168472375 55
4663350999 121
772736653 217
4097619288 24
92610609 108
4018514288 205
2098490567 229
3879948312 192
289200076 59
1772040350 23
3420172186 27
1400944143 125
3537582938 158
3462524411 102
3514257654 204
3416172776 5
4450612484 44
3665017490 188
3983298602 77
4006386913 212
pie0000 28
8695164631 85
2282281975 16
3924829142 202
2554277456 238
163414969 20
2926523453 155
4590662806 231
9127448583 24
7697827429 102
7967817309 161
2215127810 135
5116595894 97
2664047473 69
8778130205 123
2742806472 165
7383762923 218
6689621473 18
8498397607 246
2553914393 47
2440556725 109
4577276666 103
3317823328 66
8459747352 74
4420891963 177
758634339 176
2931971290 42
3015929709 96
2046379722 166
pintail0000 5
8803798595 188
20349301403 100
25738768074 7
9228263568 254
3227573952 32
plover0000 51
710362454 146
973041784 103
5588497198 165
5068684490 29
2701659037 105
1733018678 78
3469469128 102
22996238 234
3209642242 32
6569241073 160
2804537080 54
426857527 187
1146312353 242
1696550185 35
4168841085 229
4406174790 82
3146785799 203
7251776099 11
720939809 116
6642829206 97
2479790107 75
989889281 3
1433096472 89
6698745666 197
4708620302 109
5442594311 201
2411624593 57
5491226423 114
4333485159 192
5389082694 241
2093173235 169
481683142 25
1802898447 209
2382819360 69
5932719541 93
7626335 98
4743838314 93
7151715954 214
79518059 53
7363198109 191
2061991777 11
3701498059 230
6175658079 175
2462454551 179
63428688 81
447369207 61
5692514737 253
5040225480 180
1197001496 157
3702178762 55
5411498412 166
polecat0000 48
6488521827 144
5284907653 120
5492259980 147
4940600580 251
5861846530 8
134487789 180
6501413922 149
3188382049 150
5328107248 128
426555708 166
2102905705 240
5809024796 254
201336847 238
5322095761 82
6463107417 173
3069896034 99
1949653100 252
5742860624 36
5265790704 179
5849783420 143
3596275306 36
4578767875 100
2534888793 17
3102139208 205
5509638740 231
2312290763 243
3710953082 99
3303196338 253
1024467080 111
778781622 180
3667660914 176
2782906300 176
5618967298 229
6472764630 138
6206450836 5
3518278033 192
5539723193 32
2086987915 9
672879009 245
1188853755 150
4882259522 16
1824009955 148
4942151223 127
41741317 200
2874704195 19
3175572226 27
4180571416 77
1728220045 94
porcupine0000 56
25892263005 225
4563239845 7
3978375506 115
14946833404 172
20909770332 163
43494381879 179
3929218892 55
12237145327 202
42215474119 121
29282995734 138
28891246003 188
47379515752 196
53687968718 54
47977267298 181
39768781131 126
4502979851 114
51589679863 1
53637745834 242
12704571765 23
4923917871 107
21669879810 194
54638180900 103
1987561317 133
42079168447 124
35453423326 162
42467436766 144
28532658889 216
50965239885 47
42202322256 185
19419942948 137
4945960924 57
28000707541 176
36415083181 136
51594730796 22
44983465372 36
39637695411 154
31831831964 155
39787097631 48
14422247060 208
5976982847 94
45944591446 5
17678079615 133
50477124172 120
14163652460 242
44759080476 43
33908601983 149
36490349076 173
2961970138 10
34767938023 166
37710914670 168
41779368530 35
51485600541 221
10061450441 164
12261584717 99
36944164448 218
49427971586 123
possum0000 15
5765582768 25
9067660712 167
3668544572 209
4564013608 49
3427916075 21
8137332158 131
6146512754 86
6419160772 133
6679429556 244
3650936349 173
6884457859 111
4175344422 149
5821920488 236
8403819966 88
2771826807 187
potoroo0000 5
24441359681 39
20288446912 147
29890590150 229
14081745770 5
14846412337 67
pronghorn0000 59
3391532323 25
17171007557 235
1900468664 11
9686045257 155
5337562312 25
5387214010 102
11731698705 9
12445347679 254
25308396603 228
25649394685 115
3092276803 229
14428074498 100
20941008441 79
3616008129 67
22222530854 168
11964244676 108
10268887239 237
3446458832 9
150693263 242
18139594296 250
17039351132 220
16300408661 62
14575313702 173
20084575977 184
24938228077 1
7004197144 78
14848239068 249
19271647602 237
7849907701 46
20438257360 131
244465664 236
5925983961 225
13490170791 41
23734193816 135
12411694086 203
5459576973 176
15798376494 241
6549357994 243
25999449729 95
11819000782 191
10568270696 159
14530141138 48
8532685369 154
13326854420 238
8393772936 44
2350887119 63
18239914879 27
15259698629 200
18285531205 3
4167579342 86
8067890043 168
6615486832 184
20583693741 34
11287371882 237
9711466173 181
17429462653 113
7260067992 98
17342172394 193
25266025848 39
puku0000 30
504131512 204
2685301737 56
108481182 40
2888606760 68
4166459990 128
1625021972 8
4443578676 208
2095784118 204
4853816472 4
1118399428 99
1511865580 97
4089408024 45
679647562 39
72821229 146
1583071125 121
2737447046 144
1850297479 75
1214177836 217
3983068651 162
4525866358 58
2043841042 40
4116754740 151
2790206116 71
3959514426 226
1237831304 114
2553833067 137
1925758524 71
3834223604 240
1450451186 193
4874048551 68
puma0000 10
10027312019 150
21619861904 144
25634694575 244
5955996925 91
27364729016 27
23755870505 203
18988028725 209
17687214886 152
20234670883 27
5558542258 41
python0000 49
31606411040 240
17848483210 231
26312804714 109
21450768674 106
30564678155 136
14412597807 5
6998669309 81
25643704426 198
23870794209 86
2554688156 23
17944277412 128
28186226331 104
21370218711 126
23753358464 59
30830156906 211
26219247492 80
32196208985 81
7547336885 194
22323911983 185
6381224204 251
22613337597 162
11893133887 19
20093859673 52
21144473446 174
4791816482 33
19169605204 49
1650045984 250
21479839451 113
32396587985 113
7240943456 119
12877524359 222
7160465996 60
12124209686 231
28283308273 63
4055645661 27
18938916616 131
23401616213 187
28434167705 144
10650801980 126
13195102167 25
23239632656 40
4812987714 50
5841498577 202
21246032800 168
17644386702 3
14643817722 59
5814359291 193
16036804562 115
16387862470 152
quail0000 2
7167591491 201
2244892432 203
quoll0000 34
55134176552 228
15967310131 126
29878489476 17
74447510804 135
3326411354 183
1990081695 43
16464648387 49
29720160605 170
65171278506 58
73145003088 203
65713062585 35
56030758418 126
20247834546 202
67984349396 229
68867738283 59
61461305702 140
23668402642 223
43145124934 106
47177737410 253
71601512826 127
20506763900 73
34197707947 212
25284731950 228
24944929152 14
72828788357 228
36416156688 192
51827058693 58
248757213 140
7462332871 2
14643472766 210
14907389633 149
18350201065 156
61201149368 26
31692279293 103
rabbit0000 15
1927667170 188
3003095446 135
5256055659 241
5385253227 115
5574171613 56
6159112 246
3154226902 45
2914584448 250
6177886494 185
4382761346 23
4091301340 137
5330777465 74
3384598606 146
6311967717 16
4467304012 21
raccoon0000 2
17604799673 192
17503454767 131
racer0000 10
3466737343 3
35384284987 178
34414929867 160
2107485767 10
31110714557 218
7543112939 231
9526885357 106
30975044691 210
32277302833 107
6416959124 195
rat0000 42
167918755 233
15330645705 70
2786979141 67
18511308929 216
17028258542 13
12013052112 101
100440361 43
13133161863 75
887020680 151
7271971692 158
14744035256 13
14910066264 13
10752852944 7
6114862568 196
141414464 15
4952642948 240
281307113 247
22558427056 43
18439021122 39
7707308787 94
3873611026 252
3338020028 156
3642811489 52
10154529923 119
7201948312 237
11718215326 33
8631854823 211
4511068940 202
23644763541 180
6907448595 44
10862832312 9
21027894027 54
6295805357 156
3023760364 92
8722436941 171
18847052097 161
9283138300 57
24486193273 64
20297654425 98
10570346491 97
14685049927 137
9081988524 120
rattlesnake0000 10
44686944360 146
33206278946 208
30838553530 242
33497332218 50
40614950167 213
12591328680 129
4008760113 76
21753072799 199
6373546340 250
21296978012 0
raven0000 2
22271043304 201
63558351481 203
reedbuck0000 15
83450837814 48
64718114501 59
10850478301 201
89529937076 169
36350099170 21
89170623146 166
72306100111 85
72021094397 228
83164824391 166
66861004317 84
65464448961 233
20084710706 81
27961847322 166
63193226224 109
81035893080 70
